field_sample	18S_TGP_1_1	18S_TGP_1_10	18S_TGP_1_2	18S_TGP_1_4	18S_TGP_1_5	18S_TGP_1_7	18S_TGP_1_8	18S_TGP_10_1	18S_TGP_10_10	18S_TGP_10_2	18S_TGP_10_3	18S_TGP_10_4	18S_TGP_10_5	18S_TGP_10_6	18S_TGP_10_7	18S_TGP_10_8	18S_TGP_10_9	18S_TGP_11_1	18S_TGP_11_10	18S_TGP_11_2	18S_TGP_11_3	18S_TGP_11_4	18S_TGP_11_5	18S_TGP_11_6	18S_TGP_11_7	18S_TGP_11_8	18S_TGP_11_9	18S_TGP_12_1	18S_TGP_12_10	18S_TGP_12_3	18S_TGP_12_5	18S_TGP_12_6	18S_TGP_12_7	18S_TGP_12_8	18S_TGP_12_9	18S_TGP_13_1	18S_TGP_13_10	18S_TGP_13_2	18S_TGP_13_3	18S_TGP_13_4	18S_TGP_13_5	18S_TGP_13_6	18S_TGP_13_7	18S_TGP_13_8	18S_TGP_13_9	18S_TGP_14_1	18S_TGP_14_2	18S_TGP_14_3	18S_TGP_14_4	18S_TGP_14_5	18S_TGP_14_6	18S_TGP_14_7	18S_TGP_14_8	18S_TGP_14_9	18S_TGP_15_1	18S_TGP_15_10	18S_TGP_15_2	18S_TGP_15_3	18S_TGP_15_4	18S_TGP_15_5	18S_TGP_15_6	18S_TGP_15_7	18S_TGP_15_8	18S_TGP_15_9	18S_TGP_16_1	18S_TGP_16_10	18S_TGP_16_2	18S_TGP_16_3	18S_TGP_16_4	18S_TGP_16_5	18S_TGP_16_6	18S_TGP_16_7	18S_TGP_16_8	18S_TGP_16_9	18S_TGP_17_1	18S_TGP_17_10	18S_TGP_17_2	18S_TGP_17_3	18S_TGP_17_4	18S_TGP_17_5	18S_TGP_17_6	18S_TGP_17_7	18S_TGP_17_9	18S_TGP_18_1	18S_TGP_18_10	18S_TGP_18_2	18S_TGP_18_3	18S_TGP_18_4	18S_TGP_18_5	18S_TGP_18_6	18S_TGP_18_7	18S_TGP_18_8	18S_TGP_18_9	18S_TGP_19_1	18S_TGP_19_10	18S_TGP_19_2	18S_TGP_19_3	18S_TGP_19_4	18S_TGP_19_5	18S_TGP_19_6	18S_TGP_19_7	18S_TGP_19_8	18S_TGP_19_9	18S_TGP_2_1	18S_TGP_2_10	18S_TGP_2_2	18S_TGP_2_3	18S_TGP_2_4	18S_TGP_2_5	18S_TGP_2_6	18S_TGP_2_7	18S_TGP_2_8	18S_TGP_2_9	18S_TGP_20_1	18S_TGP_20_2	18S_TGP_20_3	18S_TGP_20_4	18S_TGP_20_5	18S_TGP_20_6	18S_TGP_20_7	18S_TGP_20_8	18S_TGP_21_1	18S_TGP_21_10	18S_TGP_21_2	18S_TGP_21_3	18S_TGP_21_4	18S_TGP_21_5	18S_TGP_21_7	18S_TGP_21_9	18S_TGP_22_1	18S_TGP_22_10	18S_TGP_22_2	18S_TGP_22_3	18S_TGP_22_4	18S_TGP_22_5	18S_TGP_22_6	18S_TGP_22_7	18S_TGP_22_8	18S_TGP_22_9	18S_TGP_23_1	18S_TGP_23_10	18S_TGP_23_2	18S_TGP_23_3	18S_TGP_23_4	18S_TGP_23_5	18S_TGP_23_6	18S_TGP_23_7	18S_TGP_23_8	18S_TGP_23_9	18S_TGP_24_1	18S_TGP_24_10	18S_TGP_24_2	18S_TGP_24_3	18S_TGP_24_4	18S_TGP_24_5	18S_TGP_24_6	18S_TGP_24_8	18S_TGP_24_9	18S_TGP_25_1	18S_TGP_25_10	18S_TGP_25_2	18S_TGP_25_3	18S_TGP_25_4	18S_TGP_25_5	18S_TGP_25_6	18S_TGP_25_7	18S_TGP_25_8	18S_TGP_25_9	18S_TGP_3_1	18S_TGP_3_10	18S_TGP_3_2	18S_TGP_3_3	18S_TGP_3_4	18S_TGP_3_5	18S_TGP_3_6	18S_TGP_3_7	18S_TGP_3_8	18S_TGP_3_9	18S_TGP_4_1	18S_TGP_4_10	18S_TGP_4_2	18S_TGP_4_3	18S_TGP_4_4	18S_TGP_4_5	18S_TGP_4_6	18S_TGP_4_7	18S_TGP_4_8	18S_TGP_4_9	18S_TGP_5_1	18S_TGP_5_10	18S_TGP_5_2	18S_TGP_5_3	18S_TGP_5_4	18S_TGP_5_5	18S_TGP_5_6	18S_TGP_5_7	18S_TGP_5_8	18S_TGP_5_9	18S_TGP_6_1	18S_TGP_6_10	18S_TGP_6_2	18S_TGP_6_3	18S_TGP_6_4	18S_TGP_6_5	18S_TGP_6_6	18S_TGP_6_7	18S_TGP_6_8	18S_TGP_6_9	18S_TGP_7_10	18S_TGP_7_2	18S_TGP_7_3	18S_TGP_7_4	18S_TGP_7_5	18S_TGP_7_6	18S_TGP_7_7	18S_TGP_7_8	18S_TGP_7_9	18S_TGP_8_1	18S_TGP_8_10	18S_TGP_8_2	18S_TGP_8_3	18S_TGP_8_4	18S_TGP_8_5	18S_TGP_8_6	18S_TGP_8_7	18S_TGP_8_8	18S_TGP_8_9	18S_TGP_9_1	18S_TGP_9_10	18S_TGP_9_2	18S_TGP_9_3	18S_TGP_9_5	18S_TGP_9_6	18S_TGP_9_7	18S_TGP_9_8	18S_TGP_9_9
18S_TGP_1_1	0	0.0829795	0.10297382	0.113900435	0.153275911	0.095391931	0.139142104	0.105716215	0.200029936	0.110298626	0.130485611	0.124712679	0.125157637	0.108480858	0.12622482	0.123743003	0.131440026	0.100510683	0.10964459	0.148791289	0.106135955	0.132764401	0.121050366	0.160533666	0.103478071	0.123837309	0.107022205	0.20023312	0.116887608	0.142064344	0.132474992	0.134070351	0.254317912	0.152765167	0.154640765	0.081547668	0.135252032	0.127578972	0.165854828	0.105390225	0.124323215	0.107592782	0.223902777	0.127203285	0.101385241	0.115575382	0.117287821	0.115220709	0.153730605	0.145579185	0.152854111	0.137795494	0.102530313	0.168721789	0.151173564	0.119749865	0.127489797	0.124206732	0.150155628	0.16082792	0.136076145	0.152858082	0.123874474	0.107901622	0.137412111	0.150502147	0.149750807	0.216316767	0.157646736	0.189523139	0.170390485	0.125508927	0.155254254	0.183295014	0.145696543	0.148822976	0.165110331	0.098901695	0.098316221	0.116943574	0.123921007	0.095319045	0.155309967	0.098211653	0.177987152	0.154602696	0.11481531	0.110932105	0.11032953	0.181586317	0.145674935	0.12651158	0.16147125	0.109137691	0.132933296	0.11127504	0.15429716	0.275064051	0.195822415	0.259644052	0.417371941	0.168410028	0.313717011	0.287703445	0.121983345	0.265215521	0.129336059	0.190344838	0.23996351	0.289543651	0.154525113	0.279756687	0.127124594	0.103156861	0.123847701	0.111955095	0.090876683	0.071734787	0.126676409	0.135053356	0.088572419	0.109601903	0.091765182	0.104804694	0.160390962	0.135025579	0.105127602	0.084969979	0.143664336	0.137180661	0.076699843	0.102916099	0.092706037	0.093261327	0.092481027	0.109362489	0.118435251	0.100388404	0.154006974	0.108566929	0.117246039	0.103543287	0.107763624	0.136820488	0.113649637	0.110687193	0.087305229	0.088049212	0.127815509	0.124497592	0.143699399	0.119825117	0.184867586	0.19968639	0.177345597	0.122584101	0.163548562	0.125787449	0.105097118	0.1651638	0.090731197	0.124375546	0.118324601	0.115782657	0.136357851	0.113225733	0.133710202	0.112727475	0.13737417	0.162723771	0.230171168	0.172092678	0.161892248	0.147157037	0.143896584	0.155057245	0.169881591	0.182984709	0.114730194	0.122437556	0.126418936	0.127989391	0.151784316	0.133322327	0.136007251	0.1156942	0.111871893	0.102335554	0.186501643	0.142881802	0.127561713	0.161244829	0.152151903	0.140745976	0.165914473	0.112238768	0.136336061	0.174032401	0.223293887	0.198431306	0.319195362	0.210169464	0.330819957	0.213326525	0.250836804	0.229117252	0.119024425	0.187186374	0.136247208	0.170662534	0.233738951	0.185323177	0.235503096	0.166302899	0.231298044	0.159454523	0.22749246	0.127086293	0.135439345	0.117288181	0.120548747	0.182472021	0.110373516	0.110225209	0.1326644	0.088026136	0.124726732	0.136969151	0.159142788	0.115131483	0.114322154	0.11573578	0.11236675	0.147153412	0.113287978	0.133203917
18S_TGP_1_10	0.0829795	0	0.079141234	0.118616339	0.156152515	0.064703428	0.133157322	0.147232786	0.195518175	0.120331203	0.136909824	0.161318515	0.163693881	0.126032279	0.174490145	0.173736132	0.121684056	0.146720038	0.157405878	0.17999156	0.153767951	0.175496754	0.139624583	0.130129273	0.141711068	0.175254519	0.1714639	0.212846993	0.154619059	0.191236587	0.182411147	0.100590497	0.253754271	0.193675243	0.174665066	0.130676216	0.132443682	0.139628437	0.189669045	0.129211266	0.163693965	0.127283924	0.21920069	0.144473763	0.143155887	0.126634818	0.152375876	0.141723311	0.176606289	0.164587076	0.202069387	0.1515479	0.12089785	0.164412267	0.151026811	0.135347124	0.13565923	0.137956432	0.142589821	0.132543661	0.130028628	0.148139961	0.121919031	0.12060444	0.202554692	0.205198975	0.176295752	0.231182407	0.212170346	0.224680225	0.212321505	0.168192812	0.218477991	0.213581331	0.19346616	0.161614351	0.168777766	0.137535803	0.151545064	0.152868322	0.181518269	0.116890683	0.139556495	0.150085476	0.233176438	0.196501032	0.154532316	0.162603713	0.180897559	0.213948509	0.191753353	0.176204646	0.197460066	0.146598587	0.158611386	0.161955574	0.165808008	0.262186333	0.214897839	0.270757659	0.416654414	0.192008912	0.306880388	0.285284474	0.124061322	0.255345961	0.171263902	0.189564786	0.225756991	0.291472024	0.144893618	0.300301156	0.126568502	0.08068767	0.125329583	0.114055838	0.120735374	0.103385783	0.130647538	0.157224221	0.095855054	0.135937831	0.120838213	0.118908777	0.208566764	0.13432071	0.110585061	0.131046683	0.133421148	0.193489982	0.127777425	0.154735036	0.137011509	0.150711954	0.125547856	0.160318722	0.179236762	0.141429784	0.208651033	0.165123186	0.175047598	0.14287341	0.168195217	0.169226673	0.166323791	0.168862274	0.137352054	0.134778121	0.188129346	0.170487024	0.198019912	0.156447537	0.242670563	0.260873802	0.219898111	0.181158177	0.221291547	0.183510134	0.157780479	0.211457198	0.137788349	0.153607376	0.151018256	0.17693159	0.184790813	0.119314822	0.152712631	0.143358409	0.154552673	0.193715044	0.26067488	0.203415573	0.213478324	0.198582523	0.195781176	0.203385261	0.214486732	0.241260255	0.137316624	0.143100836	0.133304013	0.14095456	0.186961969	0.179400662	0.151901791	0.138450277	0.145936383	0.128592111	0.228644192	0.188423762	0.153382353	0.200910911	0.188637201	0.169483627	0.201570811	0.14607744	0.193471042	0.220386479	0.220492428	0.232216319	0.313442995	0.219093304	0.348183622	0.241048082	0.274828211	0.250632399	0.140186828	0.177938056	0.191994373	0.194107859	0.263064923	0.16810987	0.241137258	0.184720342	0.215508066	0.166084787	0.232169171	0.137212467	0.148434582	0.168481101	0.143730143	0.190620458	0.164516894	0.094687747	0.171283741	0.104231831	0.155441246	0.132721119	0.199253859	0.167278685	0.150649928	0.11876246	0.14423715	0.173811885	0.133195001	0.174997031
18S_TGP_1_2	0.10297382	0.079141234	0	0.144067334	0.117049218	0.064080024	0.151083729	0.142506629	0.231946721	0.146469762	0.155694679	0.159750358	0.161999552	0.164369301	0.181163355	0.153906515	0.159449949	0.142702487	0.157128542	0.167896408	0.183799035	0.171012654	0.14824768	0.131453348	0.169727408	0.168256223	0.175637513	0.203823992	0.164610621	0.187797931	0.17604304	0.12431312	0.23090491	0.195511682	0.182636495	0.120609261	0.114886802	0.162917887	0.172518853	0.127528485	0.184582069	0.152473697	0.183963726	0.136199664	0.161501469	0.108332423	0.159310428	0.152240763	0.151496939	0.134994044	0.187592986	0.136110539	0.098730415	0.131708989	0.178978442	0.155096919	0.163284714	0.150954586	0.169975006	0.143308026	0.164697463	0.167739691	0.156412594	0.164689673	0.203791652	0.20579565	0.155594413	0.214397559	0.215100389	0.195683881	0.219269268	0.173663256	0.214763369	0.178457625	0.194944578	0.139045472	0.146496929	0.143654768	0.172239105	0.133862987	0.161738145	0.124812314	0.109090192	0.15270906	0.214355926	0.175409612	0.161125255	0.168109965	0.170042579	0.182053896	0.182209527	0.167838176	0.179953854	0.154858213	0.142662072	0.163298829	0.131824178	0.243054485	0.191858637	0.246204897	0.389338932	0.165042044	0.280813878	0.258525194	0.113196682	0.222078483	0.157924238	0.171339988	0.203633049	0.264384615	0.128852725	0.274204651	0.104625153	0.080203626	0.151426319	0.129556612	0.120324045	0.103778831	0.116777718	0.168493829	0.087318329	0.159861672	0.13791459	0.118877214	0.197020601	0.136042757	0.120880828	0.123570301	0.119351308	0.200730111	0.123568395	0.155804516	0.163562311	0.132551556	0.113704886	0.1695595	0.168604973	0.111987321	0.191439809	0.17183027	0.157941441	0.133609871	0.17394418	0.168778708	0.156100235	0.146366851	0.115959813	0.140104428	0.187794604	0.164708342	0.204097331	0.149184536	0.248181848	0.258618499	0.212262458	0.182338855	0.230607287	0.182336327	0.155156109	0.193667599	0.1427127	0.145382552	0.139964678	0.172706446	0.165881267	0.145723442	0.181153703	0.144798679	0.146903115	0.193536177	0.264142075	0.202644273	0.21557635	0.19839786	0.200237426	0.209185369	0.216610513	0.249373711	0.156873941	0.143779309	0.153896043	0.162705462	0.180473394	0.177221005	0.160644355	0.168528493	0.159811639	0.154978423	0.218301322	0.175599427	0.151993296	0.197970165	0.186590284	0.173298393	0.195912789	0.127586924	0.181637009	0.209432034	0.19567528	0.230700015	0.292759934	0.197757366	0.31795208	0.228225721	0.246398918	0.219268058	0.10634497	0.154056129	0.188426514	0.186525581	0.266751423	0.129804023	0.23264434	0.181209776	0.177878538	0.153788944	0.214762526	0.163821287	0.176983624	0.188235923	0.169545802	0.184938263	0.164243469	0.115601671	0.152225237	0.122038335	0.168012246	0.166068028	0.207315806	0.169149262	0.171952082	0.14461789	0.164757732	0.174189585	0.14700714	0.198078643
18S_TGP_1_4	0.113900435	0.118616339	0.144067334	0	0.204682528	0.149244023	0.124795279	0.13242836	0.197479452	0.101102443	0.068736012	0.105556462	0.160659675	0.108978832	0.128433615	0.142439406	0.06399808	0.137193519	0.13447649	0.189141284	0.158555306	0.164206712	0.100147462	0.129204524	0.115997333	0.169362332	0.160854324	0.235738484	0.119334257	0.170055467	0.165504792	0.118577621	0.272564703	0.178748618	0.185055307	0.11146664	0.155584669	0.110263595	0.186868282	0.149094096	0.139148892	0.06823585	0.219343183	0.142185046	0.106035168	0.161413885	0.149496472	0.132840785	0.186776231	0.17496716	0.175284128	0.143352596	0.151979781	0.200863704	0.075018139	0.069388705	0.087940279	0.133915055	0.081555074	0.140870488	0.116089037	0.051911688	0.097737662	0.081694685	0.192808791	0.189473476	0.212665159	0.264409888	0.207714844	0.249560788	0.219622898	0.182928467	0.217979832	0.237020406	0.158664222	0.177519876	0.187246467	0.141617516	0.13811698	0.177185005	0.157170087	0.146295303	0.198306874	0.140925496	0.21301533	0.186385012	0.154833315	0.15072295	0.167164844	0.219792796	0.168477352	0.149877478	0.192250862	0.161507291	0.167971178	0.167448711	0.194776129	0.293618999	0.240452278	0.282520853	0.429225812	0.216800949	0.328999183	0.312935914	0.160773904	0.3006278	0.152598652	0.209179474	0.275521483	0.3134566	0.179116918	0.312688176	0.179049311	0.10737465	0.107568229	0.070923433	0.100603137	0.097641613	0.124681824	0.095043186	0.084233646	0.098359689	0.091930428	0.130653713	0.178876721	0.154277405	0.126112541	0.108459487	0.171789997	0.158048595	0.124027849	0.145048778	0.122796903	0.130624982	0.149945628	0.142843165	0.169066308	0.155231929	0.194785226	0.1314347	0.14724068	0.139549237	0.141350376	0.158960512	0.151201812	0.152183093	0.158231627	0.125670048	0.167081665	0.16277253	0.172603199	0.154369321	0.201638471	0.22888859	0.181055093	0.151469726	0.195339826	0.166648095	0.126828016	0.202047249	0.139209547	0.171974597	0.142363794	0.163572838	0.184173351	0.131009645	0.140105233	0.138287382	0.161306936	0.180092543	0.248026849	0.175482988	0.174262257	0.163989691	0.182040283	0.16306375	0.180331662	0.201221896	0.133133788	0.130581532	0.124106455	0.13295004	0.189059008	0.176414705	0.132710534	0.141569145	0.120518321	0.108817804	0.201483959	0.167845411	0.132391024	0.176092064	0.158912376	0.149731504	0.180523563	0.154276963	0.175336144	0.198259082	0.261819572	0.249786892	0.355073994	0.2627987	0.374684657	0.267037117	0.302498912	0.279263551	0.192204299	0.236200936	0.168067124	0.199953408	0.260827669	0.239176809	0.283294389	0.187229919	0.266157989	0.225252997	0.278316385	0.111529764	0.13386379	0.139130994	0.109308206	0.214395927	0.143576523	0.110393135	0.16544147	0.099305603	0.109457995	0.099855246	0.176688231	0.141912713	0.112365725	0.052748986	0.145911746	0.147716514	0.101254869	0.170097768
18S_TGP_1_5	0.153275911	0.156152515	0.117049218	0.204682528	0	0.125207801	0.221351516	0.215718861	0.300813617	0.227045327	0.226255045	0.224440735	0.218174871	0.205757801	0.215062007	0.200725289	0.234260214	0.175252823	0.189452544	0.233159631	0.22229654	0.253289329	0.225200831	0.182040773	0.218767714	0.21552302	0.21668005	0.131063456	0.194915487	0.20234186	0.197504017	0.190719537	0.17486511	0.208335354	0.187018916	0.161149267	0.15366566	0.23418147	0.187215957	0.177286749	0.219807397	0.179933133	0.129435385	0.142031443	0.195208354	0.131206839	0.178578208	0.187711585	0.105659812	0.088821038	0.194167427	0.163007441	0.143737094	0.1337704	0.242708671	0.219752991	0.237134604	0.237292627	0.246865362	0.151025601	0.239779189	0.238398864	0.226862473	0.218582757	0.22467793	0.243737578	0.174629591	0.236896551	0.235878578	0.212252022	0.240534685	0.196677554	0.233640844	0.155763548	0.229629246	0.185397667	0.173158863	0.172235764	0.219074183	0.150767109	0.195549866	0.179135431	0.157239688	0.190750605	0.215143455	0.23541236	0.222517795	0.194906316	0.186870832	0.141229372	0.19217733	0.172594777	0.204091379	0.186205758	0.14175921	0.188216396	0.104404017	0.192235457	0.125274188	0.184142224	0.330860962	0.137627154	0.232020399	0.205216544	0.148935112	0.170953103	0.17780562	0.125416861	0.16117142	0.212553865	0.114559423	0.19998653	0.101229518	0.137815886	0.208142323	0.191741055	0.150141304	0.140914364	0.157589511	0.217197636	0.15863449	0.188345153	0.192479283	0.155846808	0.183688901	0.180863253	0.156184929	0.157357482	0.142783966	0.22381389	0.174909695	0.177481859	0.196054865	0.162119995	0.187365546	0.208435476	0.192364325	0.142515026	0.238601614	0.212086278	0.17082517	0.218234476	0.208910891	0.23352135	0.211470323	0.159986345	0.173293638	0.187479121	0.220201674	0.191440392	0.234083331	0.20014387	0.269109542	0.2867792	0.278201231	0.210244779	0.251729672	0.211621278	0.181423571	0.206221697	0.188606039	0.192678224	0.190330199	0.205389467	0.202216118	0.228948954	0.238100301	0.212506259	0.22722518	0.262458896	0.329572795	0.274723572	0.26108697	0.238508171	0.235368427	0.256003896	0.261245814	0.271379489	0.236330824	0.213453918	0.215923667	0.230498544	0.212329591	0.233734828	0.213860891	0.243645896	0.205792971	0.234834863	0.223358795	0.202209259	0.181086396	0.211882461	0.192114057	0.195130346	0.21286885	0.166411546	0.199148316	0.216932728	0.197856352	0.258453315	0.248514048	0.229906849	0.242961666	0.244485725	0.17615439	0.186585333	0.14110306	0.159697291	0.212713961	0.25357912	0.329776583	0.133072116	0.264460394	0.246237897	0.167167623	0.184462059	0.276900586	0.221124919	0.256581249	0.226179712	0.224207144	0.188213305	0.191445906	0.182943478	0.165498237	0.18486203	0.208771432	0.236194494	0.263938878	0.199000764	0.219476885	0.204390329	0.226660872	0.262254049	0.219177875	0.260068426
18S_TGP_1_7	0.095391931	0.064703428	0.064080024	0.149244023	0.125207801	0	0.158622878	0.14199999	0.229425472	0.150092366	0.166543594	0.182499279	0.177396978	0.166058309	0.184744554	0.177107476	0.159971488	0.166115256	0.156509154	0.177075725	0.175185654	0.178740458	0.157215481	0.114483491	0.16893141	0.177694225	0.175221143	0.184281214	0.165110377	0.189114629	0.181170436	0.118954668	0.214580657	0.197253345	0.175523505	0.123832612	0.112482015	0.155047739	0.181457827	0.135018365	0.176474579	0.154116953	0.182345499	0.136304547	0.154777785	0.123162045	0.166038909	0.162892377	0.13777435	0.130429669	0.201176351	0.13768435	0.093017268	0.131326197	0.178239411	0.158079907	0.162328716	0.161060847	0.17346094	0.116456668	0.154355613	0.176568211	0.155344129	0.160924384	0.207489707	0.217009501	0.151915093	0.196359851	0.21538793	0.1952266	0.223671363	0.175241379	0.216035156	0.169153967	0.204175418	0.157769774	0.163261836	0.150881693	0.169860081	0.138395374	0.177967024	0.120032379	0.126057741	0.150499792	0.220113647	0.190057134	0.151421989	0.170049625	0.169774555	0.176391257	0.193006121	0.163806939	0.182885995	0.152865043	0.12661572	0.161113549	0.130193161	0.227450679	0.177932788	0.231980233	0.38115674	0.150413201	0.269222344	0.251594586	0.113738408	0.227694023	0.153509333	0.152442388	0.19533883	0.249285301	0.112319478	0.26492877	0.089538525	0.092048454	0.148570961	0.140393192	0.140442396	0.120759912	0.142274784	0.175535131	0.121441408	0.165127142	0.143704939	0.127582484	0.201874498	0.150086544	0.122185424	0.123554632	0.120298302	0.20347608	0.134358293	0.157150738	0.158141355	0.145919391	0.128975475	0.176965721	0.17151327	0.139329495	0.199109425	0.175882013	0.165258968	0.149606196	0.17388865	0.182933016	0.168819567	0.15689631	0.134379724	0.151472509	0.194306792	0.182436323	0.210035378	0.172631836	0.254782427	0.26554449	0.231111138	0.191442766	0.233364058	0.193697244	0.162120318	0.203955989	0.149624476	0.146580844	0.147043282	0.171415041	0.175400268	0.151215247	0.17572107	0.144849443	0.169976294	0.1997503	0.271637164	0.216200425	0.225129583	0.211831184	0.198111268	0.215769391	0.221057644	0.252266516	0.153493746	0.156681417	0.154769356	0.165390382	0.177720946	0.187416886	0.156841855	0.153413429	0.172445799	0.146995927	0.223500156	0.181205964	0.154256445	0.204530411	0.186436151	0.174834863	0.197380832	0.138223101	0.181760101	0.217981541	0.180954588	0.243322502	0.279791983	0.198250795	0.311219621	0.227022299	0.237312004	0.211630905	0.109353298	0.142243351	0.199167426	0.204296131	0.268810026	0.131880889	0.214840593	0.201855487	0.178329436	0.155278604	0.21682113	0.153663066	0.171664007	0.18054348	0.163838021	0.167248559	0.155418589	0.100259785	0.163349433	0.12050823	0.171801091	0.152901406	0.213870761	0.168982064	0.169425164	0.148857002	0.171719952	0.181866634	0.13643538	0.19705943
18S_TGP_1_8	0.139142104	0.133157322	0.151083729	0.124795279	0.221351516	0.158622878	0	0.141079292	0.241311878	0.110329644	0.115296498	0.135245036	0.182942829	0.168030111	0.157374306	0.156061331	0.106449596	0.180335153	0.128257396	0.210468842	0.159934017	0.16461806	0.094130869	0.149876043	0.162636758	0.163215207	0.149454075	0.199966757	0.102554277	0.142246956	0.146778463	0.09890995	0.243444268	0.136524624	0.138902928	0.133788951	0.145643961	0.146018455	0.169649566	0.12238879	0.107991363	0.150464622	0.198406512	0.140227741	0.132412864	0.155337309	0.089930862	0.131300024	0.190211281	0.1820537	0.154191964	0.134701376	0.159640741	0.190430123	0.153712454	0.136557884	0.151843308	0.096354684	0.13594482	0.157223227	0.095215611	0.127052327	0.093627915	0.138873143	0.223422315	0.234385002	0.185174926	0.265397478	0.208119839	0.237884732	0.232985003	0.185090958	0.189390941	0.227939963	0.161036229	0.189825066	0.190925356	0.119642457	0.155811406	0.179424476	0.179976338	0.125110381	0.198905689	0.147920604	0.201822584	0.205944849	0.144763847	0.171412219	0.189977332	0.217466841	0.153801394	0.150632225	0.170535139	0.160091837	0.169496224	0.158770832	0.191044929	0.274960148	0.240943673	0.277658354	0.421985819	0.206051494	0.332288712	0.304158239	0.152285374	0.308836611	0.163507157	0.202009658	0.282080788	0.310877724	0.174741035	0.305373312	0.18294179	0.119058199	0.132316636	0.136820436	0.134714254	0.136483957	0.124715205	0.101335411	0.112199045	0.120668035	0.10038201	0.121273116	0.205298122	0.158643892	0.139789571	0.108708703	0.143235045	0.184539067	0.133591013	0.159238257	0.161701894	0.167676346	0.179921059	0.170809357	0.171873813	0.183124357	0.207161098	0.179450322	0.184416184	0.154537602	0.172631154	0.195278811	0.193277271	0.172788662	0.159357407	0.177456366	0.187077512	0.224974082	0.210550217	0.20940048	0.249586857	0.241884986	0.217934657	0.182032076	0.223569346	0.219932775	0.142266427	0.236389669	0.132803725	0.142343223	0.165380902	0.16697665	0.182469385	0.154991989	0.13770654	0.137259215	0.213836335	0.207953978	0.275777508	0.21240206	0.219113758	0.199112146	0.189618295	0.203220122	0.218750533	0.250965822	0.141203298	0.147710267	0.159058255	0.173507027	0.196183	0.194664151	0.129143129	0.146148938	0.15295702	0.119149439	0.219546928	0.190024899	0.177635245	0.188453029	0.193592824	0.165770713	0.205666567	0.19015306	0.1826163	0.212272508	0.249225157	0.25107209	0.352883818	0.254891087	0.362141561	0.225110643	0.299978412	0.266652232	0.1855833	0.232325922	0.217053168	0.208918567	0.231180576	0.247387391	0.280847143	0.241920803	0.266365643	0.236145622	0.22304216	0.129169946	0.171618214	0.139069084	0.114674661	0.178761526	0.13811599	0.117777524	0.165743638	0.120455218	0.16067541	0.127803331	0.205744608	0.14672169	0.131117579	0.114008527	0.160947444	0.138995933	0.135680733	0.181143481
18S_TGP_10_1	0.105716215	0.147232786	0.142506629	0.13242836	0.215718861	0.14199999	0.141079292	0	0.193683142	0.099934152	0.103035962	0.10878437	0.112805294	0.124682557	0.123422106	0.084619976	0.110309643	0.146899841	0.073399669	0.130289044	0.090932608	0.098062058	0.105316706	0.141926274	0.114603116	0.092908883	0.104325944	0.195416933	0.145644659	0.173272503	0.182615085	0.133036571	0.250113495	0.162123044	0.14244709	0.116508106	0.12285418	0.102481997	0.16168934	0.148199575	0.134385787	0.148610698	0.21751389	0.153295652	0.114295955	0.17824308	0.162407325	0.164051323	0.167950067	0.196683561	0.161277334	0.144029269	0.123549096	0.209559702	0.132893141	0.100110431	0.117368634	0.114140559	0.120660872	0.140481831	0.133520974	0.133870643	0.109590766	0.134684179	0.171191078	0.191218521	0.205852229	0.229283208	0.183920919	0.195253055	0.204785061	0.180397785	0.186907742	0.196457831	0.158698926	0.164466439	0.200402477	0.136417761	0.106666027	0.117377191	0.117195847	0.090342973	0.151691832	0.105985632	0.149694945	0.130970621	0.104534761	0.131656589	0.107710114	0.193561349	0.167457805	0.129734397	0.149491027	0.124260124	0.152963989	0.094147635	0.150026495	0.247558218	0.194977646	0.26787296	0.402875475	0.155964099	0.332409984	0.294349619	0.124306888	0.300562641	0.116057634	0.1955985	0.278120265	0.299716493	0.159737377	0.274847823	0.172582459	0.145417274	0.155042202	0.141754142	0.130249184	0.129127563	0.149588069	0.129843288	0.138201073	0.136259598	0.091543856	0.140093054	0.160702077	0.175928653	0.162335581	0.108903461	0.157328585	0.128182464	0.085803912	0.13111579	0.115443818	0.095220983	0.11119001	0.114095919	0.088851429	0.134414914	0.115617346	0.128874723	0.124727309	0.095992423	0.104710018	0.148007768	0.13320278	0.098970756	0.136354268	0.124229825	0.135300868	0.18995536	0.176017188	0.168351049	0.197648018	0.201708373	0.169810457	0.13605897	0.17568832	0.173492773	0.12590098	0.171290105	0.107816918	0.107723801	0.105790899	0.100077623	0.107369218	0.128219908	0.146577051	0.093444572	0.172845491	0.152386073	0.215985142	0.164946478	0.164702739	0.145949902	0.145337686	0.149615261	0.156139581	0.188084746	0.081776922	0.134781473	0.123404047	0.120050406	0.102776272	0.148926349	0.111630797	0.103312412	0.138325507	0.087987876	0.151150276	0.123436516	0.125554819	0.137496095	0.133413041	0.141287029	0.155513036	0.126878766	0.114487792	0.152597709	0.206515067	0.207103732	0.312427991	0.208839739	0.335241318	0.225532211	0.250589756	0.227211834	0.164502464	0.207161732	0.169683079	0.194790083	0.23002839	0.224270428	0.238402436	0.197922188	0.27242122	0.194561504	0.218984281	0.112633295	0.125345217	0.127207733	0.106485422	0.15369414	0.127603705	0.114984186	0.130262111	0.108165564	0.10464498	0.10516059	0.140116778	0.114503581	0.107735351	0.110634752	0.113056123	0.116533147	0.080336291	0.114590345
18S_TGP_10_10	0.200029936	0.195518175	0.231946721	0.197479452	0.300813617	0.229425472	0.241311878	0.193683142	0	0.173777204	0.180763011	0.177696024	0.151313104	0.139826371	0.201870739	0.190174221	0.186816572	0.20979015	0.231482706	0.127269211	0.190548064	0.124578377	0.206155492	0.237321296	0.167998264	0.178730752	0.202827832	0.322066947	0.226939122	0.272309887	0.27166374	0.220300268	0.351078335	0.272063743	0.277691596	0.228790722	0.238823014	0.194293177	0.268199474	0.208948512	0.226537225	0.202650781	0.324543116	0.243232989	0.186491711	0.272796491	0.25696874	0.246799218	0.283942869	0.294090757	0.260120319	0.252953998	0.226828161	0.303367622	0.184802272	0.182349526	0.172742283	0.178494997	0.180948746	0.243106079	0.196806329	0.18745685	0.205461712	0.198351842	0.210893671	0.155644746	0.281341258	0.216948079	0.218061344	0.210483751	0.215897656	0.228832775	0.247951781	0.272851509	0.217606697	0.275652758	0.284620587	0.237267965	0.170876125	0.225517738	0.221525518	0.204725554	0.242501211	0.185000553	0.26452148	0.128812805	0.18477808	0.211155447	0.217881672	0.284740319	0.249353611	0.238918585	0.25145621	0.207941241	0.254237368	0.236107053	0.249978371	0.354999555	0.278837884	0.359398611	0.491390257	0.278271794	0.419552107	0.38423485	0.230884883	0.39485868	0.23673585	0.303651774	0.365926012	0.386932406	0.266668249	0.381744162	0.269735726	0.241288092	0.212817496	0.185615203	0.216213651	0.209227125	0.240553427	0.208366621	0.226729904	0.220474791	0.1987076	0.237982019	0.277111067	0.248193486	0.237345866	0.224740556	0.264564892	0.183594665	0.19587044	0.223534636	0.202012523	0.212596593	0.214559921	0.179235384	0.216242045	0.239409616	0.183954709	0.182456555	0.239202157	0.167830734	0.167349918	0.152058091	0.149066295	0.210901738	0.225141177	0.200908741	0.196491052	0.234966147	0.221810528	0.212642761	0.173480149	0.168658049	0.126924692	0.19373413	0.20998739	0.184165489	0.225966725	0.282666336	0.201083015	0.22525172	0.21493114	0.225442453	0.208450894	0.176326576	0.220061513	0.209017628	0.129947631	0.166070124	0.105610941	0.098740388	0.163950334	0.176959546	0.221016731	0.17838524	0.179773821	0.184493468	0.177313792	0.198473044	0.189063184	0.182461212	0.212862171	0.144309105	0.2299258	0.18993309	0.205734481	0.176740497	0.253141561	0.22421224	0.222525296	0.253774383	0.236194491	0.251987643	0.268565384	0.240583468	0.239410199	0.266641078	0.168747533	0.146448633	0.376664864	0.206321341	0.404410618	0.192762646	0.339585857	0.18986966	0.244161961	0.250182234	0.194236303	0.179320461	0.17349896	0.290288605	0.210386326	0.177434626	0.350541828	0.275870761	0.19724169	0.215978828	0.122372278	0.201227888	0.204922111	0.281909001	0.21236392	0.192947358	0.243358948	0.193983788	0.215380121	0.207298712	0.095858665	0.234645927	0.193315756	0.184380667	0.196149965	0.144666255	0.189865992	0.149305957
18S_TGP_10_2	0.110298626	0.120331203	0.146469762	0.101102443	0.227045327	0.150092366	0.110329644	0.099934152	0.173777204	0	0.068128831	0.063675777	0.143471731	0.115588929	0.114815609	0.1081901	0.066277772	0.149330014	0.103851518	0.170550433	0.113845037	0.131216438	0.076047154	0.155749872	0.11876513	0.147013266	0.140735017	0.224628317	0.141117037	0.184612764	0.188801905	0.126716592	0.273992084	0.183000071	0.180136516	0.137870666	0.156277671	0.126126328	0.200804398	0.171461692	0.132430172	0.127891317	0.234758273	0.167163429	0.109985231	0.188013836	0.164202034	0.153939248	0.203538348	0.211678873	0.184519479	0.158353098	0.160356912	0.229970427	0.112263426	0.095869355	0.096256263	0.121069102	0.071136428	0.158086168	0.068184358	0.090069568	0.079441014	0.106225593	0.194464504	0.195772915	0.221496021	0.26327877	0.202220576	0.239377857	0.217814953	0.195919587	0.214157933	0.238181555	0.148339622	0.201752528	0.21750147	0.145545947	0.109784366	0.168339838	0.148866129	0.131158615	0.200980436	0.132375446	0.196386357	0.173652938	0.144571048	0.144488547	0.158684352	0.220418915	0.177604241	0.146249094	0.184860064	0.145821901	0.171892308	0.145659717	0.189035229	0.28926211	0.243299207	0.286361024	0.432489715	0.207806622	0.348633048	0.3116041	0.153018084	0.325550335	0.153770233	0.215810048	0.288929362	0.315566249	0.185190729	0.309486612	0.191081463	0.135405758	0.117306078	0.098093911	0.118610165	0.116350768	0.139211064	0.092936887	0.10670796	0.100817205	0.077388017	0.153164091	0.202309791	0.172881718	0.165864167	0.127908768	0.180137517	0.143186371	0.120605015	0.160171877	0.141120242	0.13595447	0.147013686	0.135727649	0.152163481	0.171073306	0.17569673	0.130015759	0.161066944	0.119100714	0.134319451	0.149391097	0.156080684	0.145311652	0.171032113	0.141790278	0.158995416	0.177262979	0.163862269	0.164185219	0.201534164	0.214192929	0.166131633	0.130980961	0.178782187	0.172384766	0.132162557	0.213993974	0.131294334	0.146683218	0.14566734	0.147105719	0.176825541	0.116924963	0.12427662	0.126757445	0.162948321	0.161398894	0.21788288	0.154959374	0.166334889	0.145987371	0.177546117	0.150195162	0.176307269	0.201823228	0.098093066	0.116021835	0.124214683	0.128016934	0.169013639	0.15942042	0.127301272	0.103284695	0.115838596	0.081280834	0.191533743	0.157641998	0.155230843	0.165560829	0.1677803	0.15724964	0.187200266	0.162900036	0.163340382	0.188439652	0.240875474	0.238712254	0.345509893	0.245918393	0.367418378	0.258674757	0.288895795	0.269518916	0.205220162	0.239240915	0.186013899	0.192886526	0.236845343	0.244691349	0.266750322	0.193108655	0.28772823	0.229279422	0.253356455	0.125339597	0.140652476	0.113293561	0.088993979	0.183917766	0.134816343	0.121464187	0.164995487	0.099912545	0.125914617	0.10938589	0.154106414	0.134743183	0.079826315	0.08057086	0.137950095	0.102646282	0.106220602	0.14831234
18S_TGP_10_3	0.130485611	0.136909824	0.155694679	0.068736012	0.226255045	0.166543594	0.115296498	0.103035962	0.180763011	0.068128831	0	0.080876038	0.141865847	0.109945069	0.120532274	0.09792701	0.048153615	0.149711715	0.109020856	0.184097049	0.127708009	0.127087064	0.084128126	0.121658553	0.094131268	0.144930896	0.141813379	0.223150839	0.139229432	0.178402062	0.187601721	0.119993676	0.276996547	0.175254876	0.170957314	0.136712505	0.155066856	0.096684705	0.188068478	0.172265852	0.12470557	0.102141598	0.223589173	0.155531078	0.099431441	0.183697788	0.16892349	0.162098159	0.19476732	0.210492674	0.168801547	0.147880817	0.16442085	0.224515573	0.069827346	0.054981281	0.075781385	0.137882926	0.051042254	0.122053251	0.0936952	0.055522163	0.070300817	0.085177988	0.195099773	0.201292185	0.220073321	0.265626307	0.205443913	0.234440798	0.221421564	0.195089073	0.212773727	0.238433459	0.149672238	0.199176314	0.216639565	0.154758497	0.123491477	0.163318362	0.144407999	0.140286752	0.208253522	0.135626429	0.191008812	0.172633322	0.14737011	0.147221337	0.163150373	0.21726331	0.168126008	0.144502161	0.190180909	0.147999911	0.16362036	0.154379909	0.180058459	0.285266584	0.243474405	0.281502558	0.417868023	0.208862987	0.350192939	0.313768933	0.16370142	0.317114661	0.150658737	0.213415493	0.295329447	0.318615297	0.189013342	0.298666417	0.189943543	0.133439256	0.124430179	0.084353339	0.112317749	0.117052175	0.133902353	0.08794778	0.114704959	0.106191013	0.082305956	0.143475451	0.195165374	0.173865435	0.151288523	0.120476485	0.181837775	0.145722808	0.125073276	0.164842009	0.132904666	0.136270451	0.153435321	0.1394742	0.146994371	0.166853003	0.173192441	0.142244043	0.160239636	0.124143807	0.130537908	0.163347146	0.156981002	0.144582496	0.171314012	0.147350054	0.15242489	0.186194799	0.167771202	0.173418399	0.202572416	0.209968085	0.164975453	0.129208736	0.184215914	0.177304842	0.126570305	0.215962058	0.133752231	0.154705213	0.141711209	0.148640806	0.170089127	0.139350621	0.133476479	0.140020983	0.177161912	0.172833337	0.223929567	0.16505518	0.168831203	0.149324204	0.171912875	0.156622753	0.181735816	0.199686921	0.10486465	0.135098551	0.110652508	0.126733152	0.172399613	0.166585582	0.138916207	0.125100939	0.132161368	0.097032939	0.17752715	0.157742607	0.142954496	0.166222531	0.149973526	0.169422258	0.19512022	0.164180202	0.166044907	0.18596519	0.244216976	0.226486268	0.355222669	0.253331038	0.356859073	0.248552325	0.281658666	0.259657717	0.206557455	0.247004695	0.187702704	0.206781657	0.24611733	0.253935649	0.272737801	0.209872441	0.287690514	0.243854687	0.255179041	0.098187622	0.110974294	0.114688372	0.091665852	0.186145094	0.133609646	0.107276836	0.162732237	0.09230429	0.085679689	0.073180053	0.140424347	0.125038865	0.088719083	0.04813391	0.137235561	0.113581851	0.066064606	0.148327869
18S_TGP_10_4	0.124712679	0.161318515	0.159750358	0.105556462	0.224440735	0.182499279	0.135245036	0.10878437	0.177696024	0.063675777	0.080876038	0	0.147278024	0.092388088	0.093408628	0.085997654	0.090640787	0.120378586	0.108935897	0.187906942	0.118356482	0.127595607	0.097253777	0.160213937	0.101592145	0.131412945	0.122897618	0.218438739	0.133624953	0.184239703	0.18617616	0.158363486	0.288022109	0.182512668	0.177419781	0.143488718	0.169849508	0.124297425	0.184300765	0.153434108	0.135496885	0.119730422	0.230252958	0.153341491	0.105943508	0.185070676	0.167104292	0.159061784	0.194210957	0.20253201	0.166441216	0.155787528	0.162697583	0.243559108	0.111857367	0.08390304	0.110854283	0.132425273	0.075839785	0.172571185	0.099712647	0.094002952	0.092763248	0.11563402	0.177805868	0.175214248	0.20524827	0.264405199	0.186137823	0.207418089	0.201134349	0.176349774	0.195395662	0.224366516	0.127359839	0.215239507	0.231985072	0.143240638	0.106810445	0.150713562	0.123773514	0.132245588	0.200547212	0.112759608	0.172163473	0.160724657	0.140102641	0.120410182	0.139536183	0.196848026	0.164933317	0.139327598	0.186886351	0.130938893	0.162553615	0.138505151	0.183717015	0.298512424	0.21815987	0.289313518	0.432274078	0.19189445	0.365734062	0.329270183	0.171685684	0.33601659	0.16359948	0.232792012	0.310268903	0.331646389	0.212098371	0.296443703	0.207325877	0.15178701	0.145746724	0.105601716	0.114456408	0.119853239	0.127988348	0.076666963	0.122182503	0.104943133	0.0804497	0.153274153	0.194477546	0.185802952	0.17520735	0.124374346	0.199515265	0.105582768	0.097646739	0.13771312	0.122811884	0.123562862	0.148505277	0.106958404	0.124842104	0.152698935	0.160100086	0.104099254	0.147013905	0.118192809	0.113048246	0.14481947	0.140223029	0.119814219	0.156706556	0.122078632	0.124267213	0.1559664	0.1391989	0.143403354	0.172852373	0.178942593	0.141828075	0.107484588	0.150958149	0.148957561	0.119244144	0.206971326	0.115149686	0.144259881	0.146171013	0.121405968	0.155365453	0.135137024	0.152050452	0.132819311	0.160033129	0.169273164	0.211637874	0.144570891	0.141025908	0.111403111	0.153133298	0.116428014	0.157177909	0.171922552	0.102600489	0.131948787	0.135797008	0.133089187	0.162972042	0.153715782	0.151368346	0.128548244	0.115319952	0.095471765	0.176393587	0.144217094	0.153916959	0.161013293	0.167693431	0.174435192	0.191114082	0.169283484	0.148553999	0.17948401	0.24345328	0.20497827	0.346844287	0.254688087	0.335733767	0.226936336	0.261415517	0.241943818	0.191235798	0.248677146	0.16411522	0.19244727	0.23866347	0.251319443	0.272467726	0.192508493	0.30392981	0.238732954	0.254191198	0.147239341	0.140079836	0.100826667	0.104453966	0.200982861	0.123688417	0.147662098	0.151356555	0.111609187	0.128148286	0.134904891	0.134404514	0.13057008	0.07508359	0.096380213	0.128701657	0.103364094	0.123320014	0.146953071
18S_TGP_10_5	0.125157637	0.163693881	0.161999552	0.160659675	0.218174871	0.177396978	0.182942829	0.112805294	0.151313104	0.143471731	0.141865847	0.147278024	0	0.112998072	0.149653364	0.13496823	0.144056419	0.132729215	0.156547638	0.111133615	0.125623112	0.094328885	0.133368433	0.174739228	0.122250773	0.097912179	0.132048478	0.246697664	0.145421057	0.178994596	0.201113298	0.153324565	0.263398657	0.185739836	0.200120233	0.137672622	0.135211399	0.140227146	0.195790438	0.128947224	0.158098077	0.155474178	0.234205461	0.143727656	0.135677855	0.170221581	0.162589414	0.148562656	0.181890146	0.198994379	0.14010232	0.144876477	0.126170712	0.186635385	0.171718283	0.146543244	0.140055337	0.122581044	0.171156775	0.191171024	0.172885698	0.159732715	0.154893456	0.161841794	0.161862675	0.15964531	0.205212675	0.226118236	0.174088114	0.167904999	0.194239059	0.169917774	0.18420633	0.20037436	0.167836106	0.186458784	0.18369831	0.142143314	0.125591642	0.133422445	0.136826196	0.140620749	0.151939961	0.111842815	0.187383611	0.095966361	0.118001849	0.129323186	0.131826739	0.20079924	0.159721064	0.168395645	0.15971058	0.14915634	0.166111796	0.149296165	0.169107975	0.268260488	0.192845944	0.297449012	0.418641443	0.193647686	0.341580539	0.299301194	0.145653189	0.306763882	0.151002989	0.219556518	0.284712581	0.310371906	0.185170433	0.301001939	0.190484662	0.163152803	0.175710326	0.166974181	0.145491878	0.137244281	0.151219621	0.161147299	0.15344825	0.178401723	0.140358006	0.138459715	0.17671119	0.161064439	0.13793993	0.147850676	0.19491801	0.137362834	0.118958525	0.147218619	0.139946302	0.129952392	0.137463877	0.108602064	0.13267605	0.149610331	0.12499265	0.135816844	0.16770534	0.107306509	0.113285862	0.102253867	0.080966822	0.127649214	0.134079339	0.134659007	0.124608965	0.189753212	0.194540392	0.162637434	0.186769764	0.181640784	0.148690832	0.159684318	0.170840455	0.143992523	0.142410215	0.197794745	0.112169316	0.146864844	0.12964042	0.149380246	0.115720662	0.131305687	0.167749886	0.131317837	0.126885371	0.156793997	0.179701933	0.135977598	0.162718147	0.145682859	0.17181296	0.155130665	0.157556473	0.188914944	0.136894226	0.144313207	0.13498197	0.129533851	0.139586084	0.083637829	0.174286293	0.157851909	0.146801805	0.139207971	0.199934293	0.156760077	0.158288309	0.1856105	0.184249251	0.18765214	0.202921616	0.171257119	0.161304576	0.204374684	0.18973658	0.161393818	0.290472398	0.210612361	0.340951925	0.178550899	0.267225104	0.190178387	0.155763416	0.184437457	0.140101517	0.146913529	0.213973633	0.225242821	0.234645222	0.171895883	0.276440528	0.20412423	0.20293613	0.164303434	0.111199694	0.161972521	0.148764985	0.200167178	0.142455797	0.151519443	0.169098305	0.140639274	0.149168172	0.165727704	0.117231516	0.159702379	0.16632789	0.136026741	0.112737815	0.116466483	0.135682933	0.132983211
18S_TGP_10_6	0.108480858	0.126032279	0.164369301	0.108978832	0.205757801	0.166058309	0.168030111	0.124682557	0.139826371	0.115588929	0.109945069	0.092388088	0.112998072	0	0.095148965	0.115682301	0.099692669	0.112265143	0.131965368	0.166494143	0.108091822	0.140428403	0.1174894	0.16991877	0.090248992	0.119634316	0.120847645	0.217455013	0.11045118	0.176662717	0.178024203	0.147331413	0.290005325	0.172995427	0.180662118	0.136588952	0.153659227	0.129605523	0.177970641	0.138637916	0.13995805	0.08066991	0.243942852	0.1293245	0.101477916	0.163481596	0.143723659	0.141916057	0.187001498	0.179445156	0.146190283	0.165281407	0.140399924	0.229850423	0.123841516	0.109904469	0.112517678	0.131981992	0.126033014	0.172564648	0.142722937	0.10933368	0.139038063	0.117820141	0.164128298	0.165274784	0.202044296	0.259595904	0.174048027	0.199637116	0.188646243	0.158052944	0.182757911	0.221689395	0.127407254	0.20390192	0.214292761	0.116730654	0.09489805	0.141315833	0.118447271	0.125298487	0.180374723	0.093593516	0.18266041	0.157953071	0.129156689	0.107265776	0.128954649	0.193538241	0.149458735	0.142282171	0.193493344	0.127863436	0.152000815	0.144938372	0.174658796	0.285871459	0.205790548	0.29442489	0.438777568	0.192284781	0.36180077	0.321766931	0.163828903	0.324375007	0.161182193	0.232398628	0.302177578	0.339456989	0.19732067	0.303597798	0.192857088	0.160327392	0.140182903	0.10993938	0.108784711	0.11286409	0.146476391	0.107151239	0.13997361	0.118001157	0.100199696	0.145221639	0.177360258	0.178845099	0.149745778	0.133968203	0.203290413	0.10149941	0.101178056	0.132771716	0.102819625	0.110149157	0.143253109	0.09433154	0.120724422	0.139331764	0.158072465	0.093555511	0.152643025	0.121686783	0.099436369	0.129910036	0.135393873	0.118732166	0.146862193	0.112700032	0.107503717	0.143866324	0.144257037	0.136354113	0.162051314	0.169612946	0.155082298	0.11950936	0.146619828	0.131262774	0.119790547	0.210359845	0.110479977	0.145797706	0.133960684	0.12069257	0.145655844	0.123563637	0.150897498	0.130728448	0.149011737	0.173703066	0.209875588	0.153166373	0.142285846	0.118729028	0.14809967	0.132800368	0.159790356	0.159876727	0.113359462	0.127623349	0.115488484	0.116992447	0.146482778	0.129852744	0.157166871	0.135346748	0.11096432	0.113825759	0.187457279	0.1493064	0.143215549	0.167418157	0.165398383	0.178284086	0.198862551	0.168661034	0.159637616	0.192187907	0.238485052	0.193786453	0.33068011	0.248990959	0.336872676	0.21556485	0.273054796	0.236522128	0.176182017	0.23179791	0.149157555	0.173992132	0.236043708	0.246519737	0.268512875	0.174365284	0.295945149	0.22937905	0.250943063	0.148837134	0.125073962	0.11138255	0.131458278	0.210156038	0.11394363	0.139326953	0.161017955	0.11864336	0.125951397	0.149744755	0.133930549	0.127714829	0.097425944	0.101147958	0.109692067	0.136548611	0.124708706	0.135013539
18S_TGP_10_7	0.12622482	0.174490145	0.181163355	0.128433615	0.215062007	0.184744554	0.157374306	0.123422106	0.201870739	0.114815609	0.120532274	0.093408628	0.149653364	0.095148965	0	0.09191784	0.116789745	0.083464433	0.109932523	0.192989674	0.123470138	0.145448034	0.114991146	0.175385062	0.110368833	0.140538435	0.114517629	0.218938787	0.127596156	0.133598753	0.174267569	0.169875431	0.298124242	0.147696898	0.188220916	0.148219589	0.175687227	0.144608792	0.185718396	0.159556121	0.136054862	0.104974702	0.237431547	0.128708507	0.10760646	0.158229096	0.145914138	0.161803014	0.198135607	0.194062707	0.114535806	0.156122968	0.161797136	0.242159743	0.142713387	0.11808405	0.133098167	0.139596516	0.137806491	0.190341902	0.144202536	0.126366303	0.14609443	0.136728332	0.124809944	0.182937299	0.191356517	0.271021632	0.148411834	0.190462633	0.169912134	0.127817355	0.174888119	0.232638548	0.070776825	0.222284367	0.229321367	0.129375247	0.116015051	0.160001129	0.087478848	0.140163626	0.20840103	0.115005199	0.181374039	0.183036642	0.1486912	0.109187326	0.106013368	0.177931414	0.141909864	0.117043085	0.198233579	0.102854192	0.152535684	0.157071677	0.193332048	0.30317081	0.226092493	0.304839302	0.446639543	0.198609392	0.375559216	0.340299447	0.182066535	0.344203518	0.173781871	0.248536973	0.324690684	0.340976912	0.223788818	0.307936346	0.213131727	0.168024554	0.166344882	0.134626272	0.124189968	0.121176707	0.141883033	0.112718696	0.149166305	0.09599043	0.107375208	0.14960432	0.187542595	0.194622522	0.178401474	0.126420178	0.20203835	0.08680594	0.115551512	0.122208215	0.11804015	0.129537966	0.164854124	0.119060818	0.120830384	0.147379967	0.176331436	0.114652132	0.158164652	0.144459918	0.116925819	0.162278967	0.159522022	0.122406576	0.163298712	0.14397395	0.105993317	0.107478117	0.090196545	0.160819609	0.163906057	0.171481834	0.176162019	0.074140943	0.101901854	0.100412516	0.115331053	0.21861992	0.125951515	0.16109276	0.15844965	0.121899776	0.171675599	0.16265139	0.160649362	0.143307803	0.184081138	0.18826016	0.232764748	0.179213532	0.154484046	0.134914373	0.154808098	0.150525676	0.17645018	0.159528838	0.130216991	0.153237423	0.150841891	0.148111901	0.173247353	0.162303919	0.170753309	0.147500581	0.123396997	0.119640656	0.173092402	0.14276906	0.16379202	0.174876076	0.178842255	0.191232347	0.202709804	0.179435681	0.161699328	0.192006439	0.254893868	0.200929847	0.358501685	0.264308608	0.31859199	0.224128486	0.266229452	0.254718909	0.200418494	0.254985596	0.169187657	0.206072128	0.247427064	0.2605382	0.283138893	0.2098352	0.307732152	0.247210349	0.264719114	0.16287735	0.15825885	0.093639685	0.127342611	0.214617746	0.113855653	0.147372288	0.160806551	0.130744618	0.145694136	0.155382371	0.152893446	0.124689785	0.089700223	0.10773643	0.145902162	0.138568034	0.129981982	0.159857591
18S_TGP_10_8	0.123743003	0.173736132	0.153906515	0.142439406	0.200725289	0.177107476	0.156061331	0.084619976	0.190174221	0.1081901	0.09792701	0.085997654	0.13496823	0.115682301	0.09191784	0	0.123615592	0.109490412	0.075574824	0.144378705	0.099237615	0.113471015	0.122773403	0.173210482	0.101127563	0.092537837	0.104895526	0.20142671	0.150242433	0.1532865	0.164593709	0.169134334	0.279113483	0.140023003	0.150866265	0.138710021	0.162459281	0.130568213	0.160278674	0.148618813	0.130535776	0.122881283	0.229133626	0.141360531	0.115439075	0.156804144	0.15096975	0.173512592	0.177050431	0.192521262	0.1372365	0.149951195	0.15437819	0.231534462	0.144450971	0.106713942	0.14457804	0.136133792	0.128711923	0.176111006	0.146594284	0.135063927	0.125507433	0.141767161	0.151029191	0.181719553	0.189874019	0.254186434	0.163586908	0.167023162	0.185038122	0.160149175	0.165818982	0.20485034	0.126301623	0.188342441	0.224759632	0.131043279	0.117573568	0.132300613	0.085244415	0.122430584	0.176084623	0.111086963	0.146766142	0.150133373	0.15180687	0.117030978	0.103014468	0.171399049	0.138858992	0.111349695	0.180173275	0.11469721	0.144330711	0.127456823	0.166788929	0.276635133	0.213951594	0.27586384	0.423806793	0.166827855	0.359194807	0.322141598	0.161226437	0.321462183	0.145433212	0.226294351	0.307062387	0.325711279	0.191459057	0.28086288	0.194222803	0.166642989	0.177492527	0.137472033	0.120834467	0.128810353	0.139288902	0.120486474	0.154338326	0.105870557	0.094607786	0.154834585	0.159728585	0.197226342	0.17918716	0.114703793	0.188372902	0.11414312	0.088118132	0.109732884	0.115013714	0.09122214	0.136310031	0.133027665	0.083924683	0.116637338	0.126758814	0.129636732	0.123955399	0.118036928	0.111787798	0.163166808	0.138814537	0.083041361	0.149787743	0.143388191	0.107622034	0.157596571	0.134103299	0.173021833	0.165821605	0.168609968	0.161673437	0.095130306	0.150433347	0.13448666	0.106112033	0.186797488	0.122098084	0.138596879	0.133133383	0.092524242	0.130985352	0.148934993	0.165102646	0.12686189	0.178077169	0.17503071	0.223405928	0.165371965	0.154529858	0.134806198	0.146199238	0.154536686	0.179171488	0.163540591	0.116717571	0.153669386	0.154494981	0.155550945	0.143918506	0.155679234	0.134676048	0.144708978	0.13820302	0.11953728	0.141485197	0.121789664	0.13611487	0.14888003	0.135882828	0.162100272	0.172499077	0.145568267	0.130184916	0.151569514	0.225770896	0.178962477	0.341210738	0.240273046	0.296650659	0.201477502	0.243667945	0.219773702	0.182531922	0.232903139	0.158305432	0.20573315	0.246588573	0.239219906	0.266322765	0.215610027	0.295482796	0.232470013	0.231433763	0.128983253	0.14433768	0.105202803	0.134968919	0.18786434	0.113654646	0.14329872	0.121581428	0.118057975	0.099783363	0.132349657	0.133024464	0.097247996	0.098901485	0.110603243	0.124092236	0.124082855	0.107541242	0.159395851
18S_TGP_10_9	0.131440026	0.121684056	0.159449949	0.06399808	0.234260214	0.159971488	0.106449596	0.110309643	0.186816572	0.066277772	0.048153615	0.090640787	0.144056419	0.099692669	0.116789745	0.123615592	0	0.159223982	0.117302243	0.190324739	0.140945896	0.143193314	0.060964264	0.120728923	0.111388311	0.16095508	0.151203529	0.219639508	0.118496377	0.184111627	0.187249976	0.104798271	0.266141457	0.183532448	0.171484842	0.128363245	0.140618717	0.111588249	0.196118288	0.171830792	0.129864357	0.085126858	0.218102681	0.142995424	0.108522896	0.182327312	0.152581284	0.141654786	0.196245443	0.197504515	0.167538606	0.144222595	0.161121905	0.218413505	0.082781692	0.077810971	0.084956086	0.118962383	0.05988575	0.135753611	0.084987255	0.047151795	0.068412075	0.097699884	0.212919797	0.213927413	0.231720224	0.280331482	0.223067129	0.254304419	0.238741213	0.211122822	0.233815033	0.255031503	0.16096571	0.18871097	0.200580848	0.143268602	0.131508805	0.172141508	0.152858039	0.142610692	0.196749682	0.141128409	0.205030931	0.180924344	0.147566582	0.147911756	0.169797333	0.22488583	0.167998788	0.152276359	0.192547504	0.163129523	0.165884527	0.149143238	0.191521434	0.271943804	0.246075988	0.290650302	0.422945987	0.212755775	0.3403	0.303712394	0.153068151	0.316335759	0.150035222	0.20826406	0.279996785	0.320969387	0.17374682	0.309163349	0.18538875	0.123389492	0.10371931	0.085550978	0.111100972	0.122096678	0.128837253	0.078188916	0.097339722	0.100998884	0.077516852	0.139194318	0.194311794	0.162048391	0.146252931	0.125920744	0.172092757	0.15331049	0.127883294	0.170430324	0.138718421	0.144139872	0.150547653	0.134811647	0.159614378	0.17574903	0.18582068	0.142111071	0.163579729	0.129031266	0.139159196	0.155246806	0.164686243	0.151605845	0.180003518	0.145941501	0.161518518	0.187329903	0.18576885	0.174232549	0.218446131	0.224053531	0.181467483	0.149022916	0.194944424	0.187881441	0.128060858	0.220938488	0.13780536	0.146424906	0.143220609	0.149252938	0.177915236	0.124849725	0.119088884	0.131112242	0.173287548	0.178402649	0.229301408	0.177351126	0.186214356	0.163489385	0.185696535	0.165417928	0.188613795	0.21315587	0.098527632	0.122902531	0.100213909	0.117357433	0.163750404	0.174635651	0.120268163	0.113545367	0.121983511	0.0902499	0.194693694	0.16348125	0.143385738	0.164041279	0.165881991	0.157426044	0.191693055	0.167588689	0.173836113	0.202103555	0.253113477	0.249462998	0.34425015	0.259389073	0.378774155	0.269923684	0.300932474	0.281323389	0.215157179	0.245716941	0.201592399	0.201810959	0.251027806	0.25269272	0.280116031	0.20268169	0.283320404	0.236980632	0.26595278	0.108557805	0.130176498	0.125500971	0.095431139	0.191060626	0.135979796	0.113644265	0.177579665	0.100784481	0.114347003	0.079512305	0.163029313	0.12490678	0.094800285	0.060999268	0.133467192	0.12249619	0.086639986	0.151139552
18S_TGP_11_1	0.100510683	0.146720038	0.142702487	0.137193519	0.175252823	0.166115256	0.180335153	0.146899841	0.20979015	0.149330014	0.149711715	0.120378586	0.132729215	0.112265143	0.083464433	0.109490412	0.159223982	0	0.133085156	0.163884819	0.134721966	0.16539057	0.146589143	0.186437306	0.121465652	0.143957496	0.14143136	0.223880554	0.143085015	0.119393527	0.142549471	0.172351754	0.279536742	0.142169814	0.193454363	0.122232347	0.171122055	0.142577521	0.186494617	0.132333551	0.156920645	0.094263764	0.253205779	0.136186425	0.118551043	0.121200598	0.130658133	0.131284213	0.177400905	0.15149054	0.101492659	0.169264693	0.13726301	0.198149743	0.173294427	0.140426589	0.14962225	0.156367526	0.17146557	0.213488445	0.183234412	0.163885154	0.173803307	0.126023696	0.101013575	0.157514336	0.161313887	0.251261494	0.130907862	0.175747241	0.150825812	0.099755015	0.157884497	0.20610775	0.090392726	0.178886342	0.186094059	0.110534011	0.113888339	0.132742872	0.065053395	0.138133124	0.169014073	0.090187985	0.172621133	0.154430945	0.140879007	0.07952625	0.076483336	0.150100675	0.11676357	0.108064353	0.171212225	0.100593305	0.145420636	0.144199657	0.172048895	0.29358699	0.197346307	0.289959864	0.438494289	0.186079516	0.335882597	0.303001494	0.143307634	0.291325622	0.149306625	0.222084388	0.27062707	0.311489717	0.187793032	0.298421159	0.165111409	0.146608437	0.163555699	0.145935781	0.111159464	0.100921127	0.149953803	0.157105968	0.134393914	0.100368028	0.118118228	0.140292654	0.163106039	0.149674679	0.134166473	0.126667826	0.188896646	0.096696704	0.091598127	0.080269751	0.08333714	0.09293961	0.111310234	0.105594112	0.111547549	0.087361493	0.163644413	0.108382932	0.127445585	0.124057344	0.117480887	0.120920434	0.112526156	0.09743616	0.110568457	0.093010177	0.082267775	0.076982087	0.100094103	0.124066848	0.161596963	0.177291377	0.186920389	0.079982049	0.114044445	0.075588748	0.098242873	0.162912553	0.098865491	0.148059143	0.121992113	0.112009278	0.141737775	0.122325732	0.154487948	0.127577747	0.151913911	0.176854613	0.236016989	0.180724772	0.162760369	0.147844184	0.164458159	0.164816936	0.181055957	0.168267592	0.145311067	0.132369226	0.133377753	0.124690562	0.15804653	0.131128879	0.168633713	0.161272903	0.098892174	0.143103731	0.173728991	0.121376765	0.120791364	0.167344642	0.16032132	0.159657796	0.174543773	0.143198457	0.146990697	0.179061319	0.243649238	0.18922647	0.32810864	0.242150724	0.306794992	0.216013158	0.251650442	0.242718472	0.144741088	0.215448531	0.13389916	0.176090113	0.246659417	0.210311737	0.270120502	0.172797745	0.259544921	0.193588428	0.2519199	0.166200558	0.154839207	0.119322368	0.147266941	0.216852698	0.104767861	0.151898713	0.13805907	0.130805542	0.139526005	0.183138733	0.169144532	0.114829316	0.138721174	0.140711304	0.118245887	0.173952698	0.15285055	0.162098905
18S_TGP_11_10	0.10964459	0.157405878	0.157128542	0.13447649	0.189452544	0.156509154	0.128257396	0.073399669	0.231482706	0.103851518	0.109020856	0.108935897	0.156547638	0.131965368	0.109932523	0.075574824	0.117302243	0.133085156	0	0.157351311	0.091001651	0.130550379	0.106610694	0.146559656	0.104981187	0.097166796	0.1006813	0.15710763	0.136855254	0.14920679	0.150094328	0.14596212	0.255100773	0.141257066	0.111678756	0.112703165	0.136663291	0.12630772	0.142401443	0.159230521	0.111419218	0.120745086	0.218077256	0.138072995	0.104989111	0.146364372	0.125857353	0.139608101	0.157450417	0.162295643	0.134031268	0.144110311	0.138982984	0.218079697	0.14499167	0.107198638	0.137730921	0.140252407	0.13846435	0.148165915	0.130987776	0.142203573	0.113573202	0.123889201	0.167648593	0.202919756	0.188108335	0.257155034	0.177898226	0.189041289	0.199661689	0.172414763	0.182190385	0.204458436	0.139567694	0.164000724	0.2076318	0.106642205	0.112802125	0.139427411	0.100749314	0.111871396	0.182595161	0.111366181	0.136998007	0.170786082	0.135984651	0.12342247	0.107321557	0.169426878	0.143749323	0.089076318	0.167576519	0.12600144	0.130863353	0.090483618	0.160012307	0.252251074	0.209660667	0.255454999	0.414383693	0.1470347	0.335876825	0.300614015	0.130773449	0.305145763	0.113716868	0.199531456	0.284021125	0.30586872	0.169629876	0.265882544	0.164614761	0.149157404	0.153312802	0.138927075	0.117054608	0.119571827	0.137816428	0.115686186	0.141763896	0.094902676	0.068712248	0.142496274	0.139637707	0.184783296	0.164128008	0.095714949	0.163462642	0.129331862	0.086500817	0.126275138	0.104982781	0.087563494	0.138497089	0.135047401	0.085345025	0.110174194	0.136109152	0.135855629	0.106291165	0.130666447	0.123824212	0.177158799	0.162484488	0.083070996	0.148290794	0.14050735	0.130892311	0.173557893	0.163338607	0.181801353	0.19129505	0.205318769	0.191397958	0.12666141	0.166241452	0.171348379	0.087928132	0.164229046	0.121380469	0.11296346	0.104876236	0.072502161	0.121420665	0.153229723	0.136820318	0.109354678	0.206189759	0.185278299	0.257290603	0.199601299	0.179899249	0.15313073	0.148386797	0.165113506	0.183377449	0.192028751	0.111789547	0.132730192	0.138924975	0.157145389	0.134444587	0.173817858	0.099056838	0.125438214	0.118710887	0.107954782	0.140673098	0.120306017	0.116584819	0.116549284	0.117947521	0.120590432	0.136916075	0.131180328	0.115068442	0.130996012	0.236870465	0.209140384	0.341663142	0.238128648	0.322379675	0.224486855	0.252031655	0.239057267	0.177704926	0.235654593	0.174256741	0.226962099	0.264541613	0.242338101	0.272605247	0.234117291	0.274701508	0.221184711	0.25280192	0.098926766	0.151187088	0.094411452	0.100610978	0.14615651	0.103646997	0.130562584	0.106112792	0.096695589	0.089904133	0.113913508	0.168591651	0.066698187	0.08678701	0.112866763	0.108768919	0.149895309	0.098422961	0.151156972
18S_TGP_11_2	0.148791289	0.17999156	0.167896408	0.189141284	0.233159631	0.177075725	0.210468842	0.130289044	0.127269211	0.170550433	0.184097049	0.187906942	0.111133615	0.166494143	0.192989674	0.144378705	0.190324739	0.163884819	0.157351311	0	0.151875777	0.088297622	0.176479277	0.206935107	0.168473605	0.110995614	0.168725236	0.258016991	0.21365766	0.218523289	0.212152821	0.20550676	0.280090253	0.214888914	0.208992286	0.161732097	0.182424032	0.165907842	0.191752257	0.155249023	0.211379626	0.191865882	0.279441303	0.218648799	0.185424592	0.203809381	0.208826306	0.200884109	0.208039016	0.219999115	0.204637883	0.21666814	0.163953029	0.229775626	0.208129685	0.185810469	0.183885148	0.146183426	0.206205133	0.212994078	0.208495992	0.203455914	0.20380847	0.180848414	0.174874611	0.144443527	0.232671401	0.210584348	0.186809153	0.172087167	0.192550982	0.193542668	0.216316993	0.208654887	0.209942736	0.177556291	0.212334991	0.188532225	0.162629148	0.174576352	0.157558753	0.157920313	0.165271491	0.152565577	0.195799004	0.0887651	0.153831034	0.182772479	0.154249466	0.232086528	0.2142236	0.181523524	0.190459032	0.196863769	0.21794852	0.158398369	0.187958274	0.282359162	0.226906286	0.307810046	0.44761531	0.202317089	0.342853945	0.31694586	0.153988057	0.313117471	0.154568765	0.235310095	0.293332845	0.322335712	0.187094987	0.321663026	0.194408691	0.195388162	0.205393614	0.190860174	0.183284875	0.168054224	0.21848573	0.213142443	0.193666633	0.193138483	0.167556271	0.191265307	0.187682248	0.203207799	0.196995508	0.169220206	0.19468019	0.183819289	0.137946203	0.168925115	0.160679596	0.123522214	0.137552085	0.163498294	0.142359947	0.152825657	0.112566874	0.171308415	0.148956312	0.123661263	0.150029369	0.1280564	0.108282721	0.132559567	0.154773578	0.155300975	0.164892726	0.218272143	0.218444992	0.190297073	0.188874684	0.1940592	0.150602719	0.194704899	0.211827731	0.161201962	0.17658218	0.184927531	0.160700414	0.156183312	0.145839891	0.153321716	0.125358211	0.14650513	0.191200282	0.147002149	0.117042293	0.147337617	0.151951468	0.113000408	0.178624935	0.185795275	0.203086805	0.1910666	0.169052987	0.195853419	0.152517769	0.172071449	0.182826358	0.176580703	0.145029107	0.113945335	0.157736389	0.175506796	0.181662503	0.172932871	0.198261681	0.15903048	0.144933789	0.18552139	0.166568343	0.159768303	0.175942101	0.148193879	0.158216223	0.194106977	0.167758667	0.151088966	0.324829346	0.183493111	0.369625586	0.169867887	0.298482267	0.157284997	0.166848025	0.187190359	0.15035952	0.162483822	0.210826094	0.227888136	0.227691123	0.161293586	0.281153471	0.20656403	0.190277918	0.169153809	0.120971916	0.197150943	0.191397099	0.21929897	0.185005736	0.158347993	0.154992976	0.166314263	0.162595966	0.19069213	0.096846527	0.158208571	0.197020194	0.173119118	0.150495613	0.150018493	0.157131709	0.134457843
18S_TGP_11_3	0.106135955	0.153767951	0.183799035	0.158555306	0.22229654	0.175185654	0.159934017	0.090932608	0.190548064	0.113845037	0.127708009	0.118356482	0.125623112	0.108091822	0.123470138	0.099237615	0.140945896	0.134721966	0.091001651	0.151875777	0	0.118302943	0.137692167	0.183766511	0.092070321	0.101848307	0.097440542	0.192270981	0.159551985	0.16865969	0.176730762	0.172409607	0.289681102	0.15692158	0.134346639	0.145201259	0.168986223	0.118611851	0.190664381	0.155785909	0.099719976	0.133844565	0.264651679	0.162476502	0.11634074	0.174681253	0.14802837	0.156114629	0.188456253	0.201875703	0.164682079	0.177848046	0.15352135	0.239222576	0.15414009	0.118241005	0.135319468	0.143157616	0.150384622	0.176665135	0.13466001	0.164035731	0.135174754	0.109075423	0.148007539	0.178485075	0.205975684	0.243100001	0.159974781	0.189376935	0.1813883	0.159732462	0.164856444	0.216046165	0.149383847	0.210087024	0.237959047	0.123239996	0.067232464	0.136077316	0.120571318	0.105838219	0.192943149	0.091632096	0.164393065	0.159633073	0.123545188	0.123783652	0.116285948	0.199056872	0.162404999	0.125588583	0.191404383	0.115288158	0.154170118	0.117120682	0.18247517	0.297387951	0.199843119	0.282544179	0.439682478	0.181697685	0.368162368	0.33112296	0.161821695	0.333584319	0.149117608	0.224341993	0.313323941	0.335712963	0.194119708	0.296035337	0.197945554	0.171206803	0.164617363	0.145757993	0.136504813	0.143690547	0.16417321	0.138724282	0.16818921	0.106530397	0.098672304	0.165729913	0.181049884	0.205812435	0.17383963	0.138108719	0.211773403	0.108065742	0.097451347	0.124669441	0.098710966	0.108054224	0.143051958	0.109247789	0.104903511	0.145235477	0.145273641	0.115110839	0.149982922	0.112197209	0.095616783	0.159352997	0.136819046	0.119698063	0.153404517	0.12502772	0.113715825	0.175491871	0.156769942	0.174375131	0.167262283	0.180292726	0.171606237	0.120147219	0.148868829	0.149434565	0.115798948	0.203289409	0.113756996	0.139968606	0.137934285	0.104916106	0.133691071	0.110318738	0.13589977	0.121326649	0.183050477	0.166924642	0.223897521	0.170585817	0.153666241	0.131281931	0.131419489	0.143742255	0.167580091	0.163708211	0.113084642	0.146211525	0.155226881	0.145218653	0.151005637	0.148888551	0.139483213	0.10765176	0.12429522	0.094131166	0.170180121	0.14859267	0.149181635	0.154285799	0.153011492	0.153594329	0.182772722	0.160028987	0.143768163	0.170175535	0.231044551	0.189379948	0.346232125	0.234997585	0.33991876	0.210311102	0.265360451	0.230768614	0.182063454	0.232905239	0.158765828	0.202850067	0.239248317	0.264229538	0.250865655	0.20849909	0.307305539	0.2327704	0.237114234	0.121883738	0.129962047	0.101345911	0.110293585	0.173663671	0.112993316	0.154569727	0.153021991	0.113325275	0.103528533	0.13443295	0.14223068	0.108768758	0.096802464	0.131772231	0.107010591	0.144551026	0.119276561	0.112887011
18S_TGP_11_4	0.132764401	0.175496754	0.171012654	0.164206712	0.253289329	0.178740458	0.16461806	0.098062058	0.124578377	0.131216438	0.127087064	0.127595607	0.094328885	0.140428403	0.145448034	0.113471015	0.143193314	0.16539057	0.130550379	0.088297622	0.118302943	0	0.122609888	0.180502351	0.112878895	0.091754409	0.100952893	0.237086451	0.175129044	0.20195409	0.20550301	0.161672411	0.289271799	0.193361302	0.193801465	0.156011369	0.166605309	0.128896058	0.198990966	0.142181869	0.158272568	0.172169278	0.251598293	0.182653001	0.143806142	0.203395026	0.188585156	0.183783042	0.214386534	0.227045982	0.187198964	0.176535268	0.163069357	0.242489339	0.15434661	0.123856554	0.14513807	0.110484182	0.147943469	0.184257142	0.153677376	0.159351011	0.136998374	0.162833724	0.158372312	0.151318729	0.219729815	0.211235474	0.158378627	0.148451363	0.186088314	0.179163621	0.187603008	0.204819674	0.178655545	0.212012233	0.23315994	0.16621939	0.123147773	0.170400842	0.152513171	0.13100657	0.194063753	0.126036768	0.190588143	0.092361804	0.117784447	0.155633049	0.150683059	0.223877442	0.186869685	0.161373093	0.189263375	0.154151576	0.189908095	0.150559831	0.192059091	0.298700175	0.224502761	0.303051955	0.440278818	0.211188783	0.368138694	0.332718755	0.170229466	0.34179712	0.166073255	0.238215496	0.315656432	0.331832448	0.209414037	0.318364783	0.21426265	0.175299048	0.17570382	0.169529501	0.15822345	0.157270196	0.179648325	0.149108984	0.167941408	0.162145507	0.123226339	0.167268573	0.21430144	0.196286033	0.187021918	0.141100083	0.192474841	0.142209465	0.112898332	0.160930694	0.141180428	0.146687797	0.146577218	0.135581288	0.138644653	0.176705047	0.109983418	0.139620314	0.167808068	0.09824423	0.115267571	0.121513417	0.094450457	0.138599428	0.152812219	0.151362662	0.133001127	0.213410701	0.190415469	0.179556276	0.170180989	0.161501459	0.117684068	0.152348073	0.172214452	0.154387323	0.147363564	0.220151486	0.134907511	0.145872107	0.154302131	0.139744066	0.129974563	0.140707076	0.16982354	0.133656392	0.111662232	0.132441207	0.146081001	0.095762093	0.140824923	0.139385585	0.148215296	0.144087621	0.138233599	0.16834536	0.108875185	0.148747921	0.150093256	0.150831475	0.148742884	0.096558949	0.150457818	0.13418852	0.160662007	0.110450253	0.195233405	0.166173594	0.168366547	0.179032291	0.181567877	0.180690234	0.198858563	0.168484882	0.158071453	0.199059695	0.17829836	0.143931414	0.332286252	0.201233166	0.351375083	0.152903169	0.285759064	0.167240169	0.177351368	0.204433043	0.153709857	0.153777749	0.194579467	0.246546908	0.222172977	0.17118437	0.302976962	0.225733268	0.180555547	0.148353153	0.079767081	0.138356906	0.136463491	0.194298623	0.148234814	0.15431101	0.169132421	0.135032961	0.145309847	0.133866839	0.072875834	0.152167165	0.133448887	0.140431918	0.123329411	0.08809786	0.112052813	0.109566772
18S_TGP_11_5	0.121050366	0.139624583	0.14824768	0.100147462	0.225200831	0.157215481	0.094130869	0.105316706	0.206155492	0.076047154	0.084128126	0.097253777	0.133368433	0.1174894	0.114991146	0.122773403	0.060964264	0.146589143	0.106610694	0.176479277	0.137692167	0.122609888	0	0.140540132	0.124330998	0.133767593	0.122453689	0.212745025	0.102610283	0.164416276	0.16789538	0.101597898	0.249072415	0.161565847	0.161617749	0.111072038	0.124839389	0.118162099	0.181315833	0.146778252	0.126010859	0.113939725	0.203463196	0.132673532	0.108129292	0.156868034	0.13227869	0.120393693	0.189263329	0.169986101	0.137031021	0.128340521	0.14683497	0.195777339	0.115832733	0.101264339	0.115807248	0.100089942	0.100864187	0.164080835	0.085855905	0.089429812	0.094612174	0.131740903	0.2054504	0.20900378	0.197486325	0.266597426	0.192744183	0.228066135	0.232299549	0.186988707	0.204513104	0.224332881	0.149416752	0.183478095	0.185035362	0.112283762	0.130520273	0.166052924	0.139272395	0.127714555	0.18613825	0.118347942	0.17646106	0.168397133	0.120081958	0.127374778	0.15616465	0.198281797	0.14499494	0.137497429	0.158591428	0.156905259	0.162481324	0.141586834	0.180957658	0.266805462	0.228061373	0.291873325	0.427826724	0.203229188	0.339804637	0.300176356	0.1411023	0.313081385	0.140853375	0.211721922	0.277050699	0.308866926	0.179331496	0.304249973	0.178063002	0.127848641	0.114959166	0.122745784	0.113680191	0.116873298	0.127810124	0.083577219	0.101416793	0.114148917	0.0741172	0.125939127	0.184226196	0.150167785	0.137659404	0.097811942	0.14480978	0.138948539	0.111583915	0.139069507	0.139293811	0.130130367	0.138359447	0.125708518	0.143879949	0.156547892	0.170932318	0.133326308	0.148112363	0.122768258	0.128792754	0.140936343	0.150801482	0.133318479	0.138295694	0.129189797	0.134272149	0.186930754	0.189293617	0.164229864	0.210865351	0.204182617	0.182044081	0.148490463	0.194258162	0.187071985	0.117588552	0.203237534	0.104639866	0.120770547	0.132505357	0.125487833	0.152424647	0.123243982	0.117933339	0.099951735	0.172765308	0.165493414	0.234288609	0.178522816	0.184462999	0.164639594	0.164195725	0.166264919	0.174188873	0.20874012	0.095545149	0.101868726	0.103302761	0.116989767	0.145274791	0.144343622	0.111168386	0.112273142	0.105322708	0.088824862	0.188249431	0.148528746	0.140775194	0.145220344	0.166869597	0.142423668	0.167536706	0.150985104	0.145764129	0.192206222	0.241859955	0.242806848	0.332307872	0.253780705	0.358684974	0.242307522	0.290434207	0.260059731	0.174906874	0.227547181	0.189142677	0.175021703	0.229905075	0.237892749	0.275517797	0.200213965	0.264684067	0.220685413	0.238987988	0.115284618	0.145177771	0.10021239	0.08486236	0.161698336	0.107687288	0.131655853	0.1605781	0.111147412	0.132453533	0.113374082	0.165129442	0.113920534	0.099864666	0.093598149	0.124459446	0.106217999	0.103078734	0.149764361
18S_TGP_11_6	0.160533666	0.130129273	0.131453348	0.129204524	0.182040773	0.114483491	0.149876043	0.141926274	0.237321296	0.155749872	0.121658553	0.160213937	0.174739228	0.16991877	0.175385062	0.173210482	0.120728923	0.186437306	0.146559656	0.206935107	0.183766511	0.180502351	0.140540132	0	0.148647361	0.180197181	0.177561511	0.168880661	0.155593778	0.190784213	0.201627965	0.106798397	0.210023518	0.192829309	0.165074167	0.14805678	0.108693631	0.121043456	0.175695069	0.162996666	0.164793116	0.148147153	0.168208852	0.11803818	0.154536607	0.152741812	0.164997263	0.155115353	0.152832437	0.152506095	0.166640411	0.114499216	0.120435624	0.168637275	0.124714376	0.116253709	0.124854762	0.165466538	0.125252183	0.072720387	0.155625045	0.114973263	0.128845615	0.151274318	0.232192077	0.248588143	0.189021649	0.228285959	0.233391174	0.202447598	0.241395015	0.208020185	0.235781046	0.193803238	0.201200066	0.199243379	0.189437645	0.160674412	0.194403849	0.14755309	0.163364476	0.134557233	0.160694538	0.166503313	0.21023018	0.174774081	0.153434791	0.165684337	0.171765567	0.161025886	0.181065228	0.159624557	0.174082531	0.16293427	0.123289368	0.162303746	0.144179927	0.224584292	0.16726162	0.239170045	0.370412972	0.161250711	0.289831012	0.252803408	0.12816079	0.268318039	0.15798304	0.160088027	0.231060134	0.259843649	0.134048607	0.254074454	0.135523646	0.129024367	0.180021911	0.156962126	0.171218057	0.167953664	0.130392122	0.163063503	0.161910313	0.171624378	0.146534929	0.135153918	0.204968246	0.153261427	0.146221488	0.138705714	0.154435814	0.191983895	0.133986006	0.166272022	0.171621457	0.172473564	0.178878029	0.163493747	0.170238347	0.172578305	0.199780588	0.179483541	0.175442555	0.17003645	0.179622852	0.184161738	0.183715948	0.161459049	0.181871441	0.191956771	0.185318825	0.238888372	0.225370762	0.215145607	0.2634467	0.267614308	0.236449292	0.195642338	0.232232439	0.233866074	0.15229786	0.227360992	0.15356058	0.146164312	0.137081178	0.17745704	0.174287219	0.188027702	0.178017387	0.137588766	0.227540188	0.21036681	0.279590717	0.230438153	0.230470079	0.20488859	0.206008773	0.206825334	0.213927443	0.256991769	0.151491145	0.159591837	0.122267295	0.146488839	0.167454702	0.187687895	0.157260285	0.168203192	0.165738847	0.159864992	0.209668589	0.169199485	0.150099949	0.180766283	0.181639815	0.179278148	0.203458262	0.189023537	0.184905331	0.217201142	0.196639671	0.242288377	0.279857906	0.217876041	0.31876897	0.233514131	0.243486145	0.220774426	0.156980446	0.190023814	0.230734236	0.245442014	0.279102133	0.198524199	0.23510146	0.252527376	0.22584319	0.208603386	0.226069772	0.112921256	0.160497748	0.18471998	0.14253888	0.157366186	0.166633204	0.083291955	0.170538656	0.124370156	0.126809937	0.100919337	0.213920909	0.158334946	0.169394813	0.113952997	0.165765787	0.182052673	0.100572957	0.203006172
18S_TGP_11_7	0.103478071	0.141711068	0.169727408	0.115997333	0.218767714	0.16893141	0.162636758	0.114603116	0.167998264	0.11876513	0.094131268	0.101592145	0.122250773	0.090248992	0.110368833	0.101127563	0.111388311	0.121465652	0.104981187	0.168473605	0.092070321	0.112878895	0.124330998	0.148647361	0	0.102208349	0.096588365	0.203271497	0.136436201	0.159541741	0.16679116	0.142619655	0.295162065	0.162600774	0.163199567	0.138561743	0.1749133	0.107108946	0.182533592	0.131844238	0.116128303	0.096970312	0.255257372	0.145584444	0.094009749	0.164354553	0.148466939	0.151441853	0.194725744	0.190271312	0.15631084	0.167178984	0.148335023	0.23807574	0.116198471	0.090691591	0.094463685	0.12567688	0.115866809	0.154482537	0.132114401	0.122752644	0.117149195	0.102620382	0.148302659	0.151133913	0.188664233	0.242827852	0.154289326	0.158710053	0.166703377	0.142338132	0.157617629	0.19510534	0.128922721	0.217403586	0.234604367	0.131232506	0.085445018	0.15071929	0.126411704	0.125176895	0.195541531	0.091229554	0.183359273	0.154583404	0.12105402	0.113892524	0.117674748	0.189738024	0.155585241	0.129084221	0.190677151	0.097747906	0.142457758	0.133204534	0.185480987	0.304747362	0.207940076	0.285679826	0.435984658	0.190220877	0.366747848	0.329669071	0.169193353	0.34138237	0.166212068	0.2296892	0.310720262	0.329584729	0.210507443	0.2993123	0.203136572	0.165759633	0.160745186	0.125049802	0.137180374	0.138636527	0.147828475	0.125867255	0.145088996	0.117433037	0.109044811	0.163422563	0.200314577	0.190267867	0.16204613	0.127527589	0.209504029	0.10376862	0.09552474	0.127414397	0.08928484	0.132336299	0.158661584	0.10421254	0.116861764	0.145145439	0.148063602	0.106889096	0.161646617	0.123567673	0.108564144	0.135202662	0.130179305	0.122470256	0.140943569	0.130415783	0.105877104	0.16192884	0.132701111	0.155895794	0.161951436	0.158331178	0.151484643	0.102421832	0.132657074	0.124548309	0.118785537	0.221669326	0.113972961	0.139831072	0.14537872	0.118732848	0.140043108	0.120147724	0.156172448	0.141558248	0.1622105	0.165249879	0.203316808	0.150424888	0.141604302	0.110934774	0.129820345	0.130698446	0.157775894	0.16192113	0.106352233	0.13676593	0.133632518	0.123065537	0.165414363	0.139761428	0.16927499	0.11987759	0.124745404	0.101380032	0.188546526	0.158023604	0.150404917	0.16841608	0.165194987	0.1788863	0.195227732	0.179803069	0.156278199	0.185620054	0.221778909	0.168551807	0.33164157	0.233577955	0.314936154	0.186475387	0.252492897	0.212174499	0.169651795	0.229798422	0.141255076	0.182531212	0.217591021	0.244306487	0.252641604	0.19685079	0.301826403	0.218027798	0.223607217	0.110563205	0.084738381	0.088319196	0.104613493	0.183856501	0.113342141	0.129605398	0.150834629	0.09605983	0.094828002	0.117459918	0.128015107	0.125348686	0.098237306	0.099912293	0.098149355	0.117280358	0.102339583	0.135161136
18S_TGP_11_8	0.123837309	0.175254519	0.168256223	0.169362332	0.21552302	0.177694225	0.163215207	0.092908883	0.178730752	0.147013266	0.144930896	0.131412945	0.097912179	0.119634316	0.140538435	0.092537837	0.16095508	0.143957496	0.097166796	0.110995614	0.101848307	0.091754409	0.133767593	0.180197181	0.102208349	0	0.09675207	0.194741819	0.141587563	0.160119302	0.160850242	0.155820121	0.257075818	0.140361011	0.134858168	0.118516886	0.147488885	0.129688904	0.145899976	0.108425994	0.137227591	0.159088172	0.234007994	0.150600091	0.115692974	0.15824182	0.149763764	0.157754647	0.175982937	0.177618951	0.144472718	0.157227405	0.150582306	0.217345249	0.173399505	0.141812999	0.151282459	0.112110836	0.175265327	0.17310827	0.156569996	0.173983423	0.152017432	0.157503805	0.169209158	0.16753641	0.184459747	0.239179256	0.165754919	0.151251108	0.198696504	0.156189263	0.166045153	0.171455736	0.141590475	0.181092763	0.215693483	0.12509436	0.113022125	0.13658644	0.117763733	0.101504126	0.170777053	0.098713413	0.141982551	0.125848229	0.110359949	0.136262815	0.126867678	0.186953029	0.151486069	0.126268911	0.159848749	0.135904598	0.158018532	0.116675219	0.167154391	0.266811211	0.19175271	0.278749785	0.429407353	0.162222445	0.353724235	0.315606976	0.154034263	0.318673519	0.143229108	0.222758027	0.300084189	0.319117493	0.186096303	0.280303105	0.190775746	0.184512542	0.184495463	0.170554168	0.151482486	0.147619174	0.166941611	0.141175823	0.174253665	0.15714894	0.120725633	0.152030522	0.164386518	0.192775327	0.165563685	0.116398766	0.183330814	0.121811765	0.081774958	0.117554075	0.12171668	0.103155161	0.142543824	0.115779528	0.091092632	0.135300609	0.110652674	0.133297788	0.135234514	0.116240674	0.113700714	0.144695336	0.119365087	0.100937119	0.12796624	0.141129978	0.119506173	0.200042477	0.178974228	0.183274756	0.188609899	0.176909021	0.160994862	0.151000426	0.171262977	0.152139868	0.125695862	0.189969618	0.102617805	0.11190147	0.131928207	0.090629877	0.091325349	0.143033474	0.168098341	0.112075438	0.166218251	0.18057163	0.210911614	0.161439366	0.171662509	0.14704569	0.139616676	0.163083596	0.171303167	0.190779422	0.118246599	0.154441899	0.169090554	0.162434886	0.133513599	0.122917382	0.127165256	0.142722947	0.149158891	0.136455635	0.16468489	0.137922608	0.143661303	0.147881796	0.151650177	0.151515596	0.16278515	0.147805407	0.116851411	0.156070711	0.206013693	0.169892866	0.320066106	0.226605029	0.308723748	0.168783725	0.255274952	0.178900312	0.149617751	0.199117843	0.130824707	0.176527283	0.224257197	0.236305109	0.2575432	0.212976264	0.283902307	0.222923781	0.201543511	0.115706107	0.11563639	0.118721033	0.133990111	0.156283885	0.125080579	0.148184172	0.123090249	0.125941713	0.110003934	0.147332821	0.122836832	0.114614596	0.131737291	0.142196594	0.111158643	0.107128931	0.12616458	0.14114441
18S_TGP_11_9	0.107022205	0.1714639	0.175637513	0.160854324	0.21668005	0.175221143	0.149454075	0.104325944	0.202827832	0.140735017	0.141813379	0.122897618	0.132048478	0.120847645	0.114517629	0.104895526	0.151203529	0.14143136	0.1006813	0.168725236	0.097440542	0.100952893	0.122453689	0.177561511	0.096588365	0.09675207	0	0.200336959	0.136406377	0.151293187	0.152206473	0.152396235	0.279920825	0.147696618	0.153897768	0.129317931	0.163170337	0.125093333	0.180556948	0.135556763	0.124167846	0.141972872	0.233498421	0.140084072	0.115134982	0.15241268	0.13096041	0.152929843	0.191917572	0.175590699	0.142263481	0.150454255	0.141733319	0.229388227	0.160295938	0.118065501	0.157535788	0.127598384	0.155449506	0.179606789	0.138065118	0.170542483	0.135737779	0.158308204	0.106602055	0.144481564	0.17886745	0.192857205	0.098382975	0.126701923	0.13472708	0.111250213	0.113341148	0.191365674	0.143021618	0.212465035	0.223570224	0.109881838	0.103501781	0.146781768	0.133139659	0.112839554	0.203716095	0.093967681	0.161996516	0.152479766	0.087982307	0.124689558	0.112471263	0.182768961	0.142620763	0.117296625	0.176825776	0.11318858	0.150371469	0.136407998	0.18703688	0.297386806	0.196237506	0.28620674	0.433692001	0.186748898	0.364992333	0.332834953	0.171686919	0.337656315	0.169166932	0.238979082	0.313838755	0.33029534	0.212131914	0.300881459	0.200687279	0.173220189	0.18284778	0.167714142	0.137105755	0.135260104	0.155054947	0.126774566	0.157937621	0.131394168	0.116896589	0.15179715	0.195560458	0.199108839	0.168056269	0.106507933	0.178828905	0.112923318	0.096092947	0.11550032	0.103870705	0.12930623	0.151106469	0.115305468	0.10984139	0.146674245	0.12453039	0.107047188	0.157590034	0.111593911	0.088091639	0.153245904	0.138137904	0.124889371	0.122384439	0.140589104	0.102319057	0.177447369	0.152894513	0.164778778	0.13148089	0.123286355	0.137796431	0.111056862	0.107856314	0.139110671	0.114763803	0.216785108	0.10823789	0.138636904	0.151884559	0.111599147	0.13254182	0.162443333	0.176064603	0.135503737	0.181807828	0.130672481	0.192834856	0.159657987	0.118336097	0.095198078	0.0791726	0.106137601	0.123922984	0.127550397	0.108999827	0.162781595	0.160057615	0.159873189	0.153647453	0.135682792	0.162049277	0.124770019	0.147965619	0.106091346	0.186623085	0.159448857	0.167423626	0.171247248	0.17644956	0.182084907	0.194535953	0.175066255	0.149393424	0.183110694	0.212954571	0.17345144	0.338472932	0.189425773	0.315869503	0.172416005	0.262077643	0.205119017	0.146438289	0.212016339	0.155088525	0.175357932	0.179291266	0.254722253	0.207904721	0.17774547	0.295595606	0.20596222	0.171740367	0.136246009	0.125371839	0.100675502	0.133800301	0.179209733	0.10649297	0.147788063	0.157168123	0.124805857	0.13673036	0.132825175	0.140885144	0.128966408	0.107059713	0.136052039	0.135751889	0.113033764	0.118864922	0.108543217
18S_TGP_12_1	0.20023312	0.212846993	0.203823992	0.235738484	0.131063456	0.184281214	0.199966757	0.195416933	0.322066947	0.224628317	0.223150839	0.218438739	0.246697664	0.217455013	0.218938787	0.20142671	0.219639508	0.223880554	0.15710763	0.258016991	0.192270981	0.237086451	0.212745025	0.168880661	0.203271497	0.194741819	0.200336959	0	0.200415085	0.212673649	0.213240587	0.192756908	0.1307051	0.203708591	0.132343962	0.184661714	0.156640068	0.209977626	0.145668689	0.204076119	0.180910881	0.210287522	0.114768501	0.156678438	0.194833505	0.1775142	0.176474043	0.190931048	0.099369551	0.115373405	0.199730744	0.177970627	0.171151172	0.202854492	0.240841863	0.213667652	0.235085578	0.228923875	0.243557184	0.137357099	0.218977983	0.242841569	0.196957601	0.221235126	0.262630875	0.296098109	0.224518003	0.266791102	0.260563901	0.221836944	0.27353576	0.241635699	0.256426747	0.146896655	0.223803523	0.23951746	0.25013181	0.173161059	0.20425041	0.178014116	0.193723297	0.163497543	0.206031724	0.190137236	0.164041482	0.254562716	0.208953287	0.210082171	0.19848099	0.126334869	0.207244035	0.144574377	0.185541719	0.191693675	0.140956274	0.138381982	0.115369549	0.13217808	0.111589952	0.128848412	0.282885547	0.099022562	0.20857897	0.176461215	0.16138681	0.182824148	0.143914133	0.085539945	0.157089104	0.179327684	0.123048822	0.141971031	0.153737047	0.198689372	0.244356218	0.236309337	0.214085469	0.222203615	0.192224862	0.206925767	0.229599323	0.195930912	0.177647445	0.191906659	0.180186181	0.238243965	0.208198202	0.182870129	0.180686222	0.226909334	0.170360085	0.199597913	0.206669343	0.185274203	0.234429398	0.220074778	0.174643488	0.197031572	0.22865547	0.234528585	0.192471538	0.239525251	0.222167237	0.274066389	0.253125268	0.170677063	0.228769953	0.236626655	0.223840361	0.276670691	0.261078298	0.276548176	0.294988814	0.295097493	0.301275937	0.233973837	0.265849276	0.273245506	0.178557688	0.212107065	0.189898366	0.148041809	0.1976034	0.178216717	0.187891891	0.240677141	0.22186437	0.188507518	0.307700594	0.283506551	0.350091296	0.300452215	0.282852676	0.250924613	0.226754263	0.263359886	0.270738113	0.290732488	0.209702959	0.215700299	0.231998719	0.248347472	0.210515441	0.258737759	0.175938992	0.223009315	0.210689358	0.214866354	0.192682456	0.210284377	0.197755568	0.167469586	0.176348912	0.170752098	0.183022335	0.210285231	0.167865903	0.177347724	0.217059452	0.27270806	0.222074833	0.259888353	0.200801038	0.255136925	0.138244824	0.194654641	0.197085136	0.182614369	0.250571081	0.319900728	0.343160975	0.218680632	0.288958273	0.332586187	0.240097669	0.219152207	0.288250431	0.182004746	0.253004907	0.208131843	0.184091699	0.115091643	0.188562283	0.199777094	0.160495845	0.18380285	0.189345304	0.203324708	0.269554871	0.174378674	0.195566148	0.21819475	0.207150967	0.25717125	0.211055363	0.243417642
18S_TGP_12_10	0.116887608	0.154619059	0.164610621	0.119334257	0.194915487	0.165110377	0.102554277	0.145644659	0.226939122	0.141117037	0.139229432	0.133624953	0.145421057	0.11045118	0.127596156	0.150242433	0.118496377	0.143085015	0.136855254	0.21365766	0.159551985	0.175129044	0.102610283	0.155593778	0.136436201	0.141587563	0.136406377	0.200415085	0	0.105471766	0.117578484	0.093422402	0.23490245	0.105192655	0.134490435	0.103050999	0.115927059	0.15140294	0.168361765	0.110767253	0.112734838	0.094745145	0.193817711	0.087598665	0.0917875	0.126770179	0.080006199	0.095389901	0.158171042	0.142718766	0.117146657	0.0997767	0.132781097	0.159919388	0.150795655	0.141156637	0.140692962	0.135648047	0.155490684	0.175057634	0.130312081	0.128980814	0.124875545	0.148223458	0.196305647	0.200472125	0.152517964	0.265669727	0.183333241	0.211057657	0.208938741	0.163994022	0.156460468	0.219827092	0.127749193	0.173497922	0.168502929	0.080381701	0.134541889	0.146267154	0.140975692	0.130239576	0.17980186	0.108365205	0.171834053	0.187253598	0.130265468	0.117421708	0.152435884	0.181817037	0.1107295	0.131577011	0.141225267	0.125813892	0.132504632	0.157088244	0.175960776	0.265613847	0.209168461	0.265561766	0.414553198	0.180564349	0.330310254	0.300811727	0.147615271	0.30451238	0.152738555	0.199832662	0.271571417	0.308948104	0.170556954	0.285047529	0.172435712	0.121348242	0.129326956	0.128686662	0.11026898	0.112083377	0.096577763	0.089654675	0.113483194	0.123843883	0.107982011	0.104397373	0.159098605	0.137089164	0.102645619	0.086812192	0.142679763	0.138442281	0.115026812	0.123233444	0.14195663	0.13808813	0.172998494	0.118634907	0.138702242	0.149531227	0.192288298	0.134175527	0.163663051	0.168438164	0.137161268	0.167215281	0.168033241	0.140192993	0.13758104	0.15308716	0.150155366	0.175046032	0.173059834	0.174222265	0.212778529	0.195414545	0.207672656	0.153769965	0.184309922	0.180779222	0.121235879	0.220966633	0.101438134	0.14459724	0.14334565	0.143656508	0.167991682	0.164313563	0.150901873	0.131547934	0.198168933	0.208632726	0.259315216	0.204394932	0.189468345	0.16648521	0.171602069	0.176598844	0.197421598	0.21040738	0.155109856	0.140709466	0.13969635	0.148595049	0.181660884	0.164110475	0.149264375	0.158333281	0.126128745	0.139553478	0.2059703	0.169680297	0.165210093	0.184362602	0.184680928	0.178848607	0.206816872	0.183600592	0.164088685	0.202348844	0.246671633	0.225631264	0.334560967	0.263167405	0.335100424	0.191240187	0.278484107	0.24505182	0.168337434	0.230952255	0.186972279	0.183305559	0.212997126	0.242659276	0.283129331	0.221116452	0.261926303	0.23271934	0.221436304	0.139304557	0.177183561	0.121259336	0.117483005	0.186984533	0.097875831	0.147750659	0.161639382	0.127552488	0.151197345	0.148050696	0.184446075	0.139334579	0.1269364	0.121990869	0.151198527	0.149223868	0.149124837	0.183071595
18S_TGP_12_3	0.142064344	0.191236587	0.187797931	0.170055467	0.20234186	0.189114629	0.142246956	0.173272503	0.272309887	0.184612764	0.178402062	0.184239703	0.178994596	0.176662717	0.133598753	0.1532865	0.184111627	0.119393527	0.14920679	0.218523289	0.16865969	0.20195409	0.164416276	0.190784213	0.159541741	0.160119302	0.151293187	0.212673649	0.105471766	0	0.07392951	0.132246065	0.245997549	0.056463694	0.147591443	0.125966528	0.163086903	0.165802394	0.182213236	0.126771783	0.136985118	0.13292702	0.235742965	0.132207229	0.128193002	0.113829728	0.077875786	0.129889058	0.165101199	0.150743609	0.101297883	0.136257789	0.163747655	0.164268871	0.198962792	0.177813035	0.188819503	0.181570024	0.207080282	0.204908595	0.184638189	0.194394608	0.168902593	0.177707938	0.150309552	0.225160629	0.156110077	0.2678352	0.155683829	0.197441552	0.187164643	0.138124317	0.131936227	0.221171366	0.113819349	0.195204972	0.1911215	0.104639503	0.165107061	0.171664056	0.117958459	0.161237182	0.216324409	0.134570164	0.186433276	0.217529247	0.17210076	0.146986315	0.128412925	0.176375081	0.109295796	0.112549929	0.164070187	0.130720967	0.144976763	0.179439824	0.200339239	0.290908768	0.23421529	0.280467628	0.42541249	0.199174045	0.33616036	0.314938414	0.167905642	0.315991996	0.172315703	0.219337288	0.29252655	0.306973849	0.193900748	0.299678376	0.191824993	0.162509992	0.18825939	0.174338755	0.148477735	0.156210045	0.144756709	0.149253025	0.163959169	0.133180659	0.157767409	0.143439653	0.176822176	0.178940427	0.131734337	0.108995191	0.165062206	0.151619788	0.142821156	0.112528517	0.145722486	0.145011248	0.187651933	0.17466317	0.146350901	0.153487575	0.213971503	0.173557355	0.180160826	0.183188895	0.172426041	0.213433938	0.18660893	0.152304544	0.150370243	0.180220139	0.153400854	0.160351145	0.153023303	0.215011882	0.220399863	0.212727954	0.251455543	0.139390213	0.17217062	0.15700524	0.124038332	0.231838422	0.129801252	0.169292915	0.181039469	0.151722278	0.185804753	0.199547711	0.181832699	0.174803898	0.237617853	0.230380801	0.298338423	0.242438194	0.219419724	0.205380085	0.183824422	0.219571296	0.234244154	0.219618278	0.194064235	0.192160307	0.193226199	0.208071816	0.219087591	0.20159133	0.177648585	0.20104765	0.163144963	0.188900914	0.204971566	0.177293245	0.176384054	0.199590027	0.183045575	0.185808861	0.206020785	0.191108476	0.177134961	0.203564709	0.260342041	0.229232369	0.359679461	0.265768685	0.320013915	0.195312113	0.277636295	0.257405263	0.179870108	0.239861264	0.20126746	0.227561426	0.243261541	0.260626928	0.292935674	0.260742603	0.274916634	0.238415023	0.233933096	0.154727646	0.210689741	0.13677514	0.159154	0.196969124	0.118530143	0.168585642	0.153983985	0.146228052	0.156199639	0.179652466	0.227609287	0.143200361	0.174950646	0.169085331	0.192774828	0.197738477	0.172522562	0.214730407
18S_TGP_12_5	0.132474992	0.182411147	0.17604304	0.165504792	0.197504017	0.181170436	0.146778463	0.182615085	0.27166374	0.188801905	0.187601721	0.18617616	0.201113298	0.178024203	0.174267569	0.164593709	0.187249976	0.142549471	0.150094328	0.212152821	0.176730762	0.20550301	0.16789538	0.201627965	0.16679116	0.160850242	0.152206473	0.213240587	0.117578484	0.07392951	0	0.151722375	0.260158266	0.076673572	0.157003719	0.110611682	0.179554565	0.169373685	0.187889421	0.124128051	0.141650654	0.12858055	0.24831461	0.151532508	0.135853957	0.117208431	0.087942051	0.141742925	0.18607748	0.138705719	0.136790113	0.167589892	0.175434098	0.176501155	0.201843319	0.17957075	0.192806065	0.178378965	0.207182272	0.20836811	0.179247095	0.198485191	0.176256022	0.170378098	0.183103211	0.217436303	0.161295215	0.274784995	0.181497243	0.213570405	0.218029119	0.163583984	0.101016347	0.222847699	0.151955287	0.190059787	0.192480558	0.110738411	0.164852354	0.181688235	0.15403191	0.156329074	0.221877689	0.135801205	0.182464942	0.215119565	0.171322666	0.153765832	0.153570027	0.184392933	0.123743822	0.122725407	0.168970351	0.160895586	0.15648716	0.173744687	0.205702619	0.302252909	0.239896393	0.279358941	0.436811477	0.206445525	0.334342839	0.322292523	0.175801745	0.308540531	0.168215494	0.228958807	0.284090612	0.31298975	0.197013334	0.310463939	0.182909533	0.169632704	0.180140322	0.17158491	0.146832545	0.143883801	0.170250663	0.158667642	0.158556026	0.134894519	0.156277269	0.15882953	0.18392131	0.189121556	0.143466775	0.11670148	0.162255572	0.17607339	0.13943849	0.12434085	0.142564559	0.140182889	0.176424071	0.181694335	0.151930485	0.143076754	0.218659023	0.179933712	0.174604447	0.179423275	0.174072482	0.213985559	0.185398487	0.152902596	0.134869153	0.167378912	0.169167491	0.183580718	0.193047284	0.204706464	0.228775744	0.21906265	0.253114681	0.172548465	0.211279693	0.177998256	0.120364644	0.218190482	0.13809593	0.162128237	0.178374242	0.149280115	0.187847801	0.185405817	0.181657575	0.166364091	0.225241876	0.231317066	0.300167108	0.245384966	0.226425387	0.209046753	0.18718926	0.22439563	0.236631804	0.230603732	0.191746605	0.183499734	0.194969296	0.209724838	0.218040147	0.204457766	0.167715719	0.197195711	0.164375071	0.185923053	0.216376586	0.188104688	0.171188662	0.1912004	0.183503051	0.169090366	0.194253934	0.17693622	0.175833453	0.196690026	0.271642597	0.243040408	0.372383776	0.272031804	0.334341572	0.196028111	0.28870933	0.264319017	0.173178903	0.23246122	0.190392897	0.2158561	0.224083747	0.252806782	0.303246987	0.250351774	0.267863355	0.228715066	0.233421673	0.151794285	0.212383008	0.148090286	0.164446755	0.202751557	0.116316069	0.172797481	0.162500271	0.148747287	0.161729647	0.180058287	0.233951249	0.144418778	0.1720143	0.178113155	0.192720262	0.201806392	0.179395404	0.210439635
18S_TGP_12_6	0.134070351	0.100590497	0.12431312	0.118577621	0.190719537	0.118954668	0.09890995	0.133036571	0.220300268	0.126716592	0.119993676	0.158363486	0.153324565	0.147331413	0.169875431	0.169134334	0.104798271	0.172351754	0.14596212	0.20550676	0.172409607	0.161672411	0.101597898	0.106798397	0.142619655	0.155820121	0.152396235	0.192756908	0.093422402	0.132246065	0.151722375	0	0.202047618	0.13072008	0.138426107	0.114516424	0.094548255	0.131939167	0.171241798	0.12011468	0.12422237	0.127471622	0.185025936	0.092226985	0.108862121	0.123929839	0.115146056	0.126272419	0.156093578	0.144477737	0.155660533	0.090210045	0.124302641	0.138259924	0.139215232	0.128051848	0.123359177	0.124355336	0.135117631	0.123110516	0.11528357	0.128821578	0.103004892	0.151393707	0.220914473	0.235088	0.163377867	0.237091837	0.204093953	0.212091781	0.224542068	0.18585537	0.198519222	0.203343556	0.16385291	0.179303385	0.177130296	0.115775322	0.161155635	0.142681567	0.172938646	0.116730101	0.16701901	0.137013883	0.202442021	0.19903562	0.142485758	0.157393857	0.179799289	0.194331374	0.133163004	0.153624076	0.152727438	0.139685541	0.128700807	0.170348314	0.156261282	0.23433318	0.211776101	0.250745304	0.393378316	0.183164324	0.302156236	0.25938531	0.119853852	0.277938514	0.159641526	0.169596563	0.236172244	0.272955293	0.128572205	0.277874854	0.149246118	0.091840733	0.127233028	0.132899188	0.130673359	0.132091587	0.104169096	0.120354001	0.118913982	0.143124002	0.115577801	0.105292815	0.198267341	0.130832398	0.098424581	0.102652501	0.111019991	0.181631825	0.131489365	0.150752532	0.152567886	0.155404729	0.167521787	0.159943782	0.164220242	0.176009354	0.202043964	0.170505663	0.186181525	0.154115679	0.168644709	0.181571572	0.178600002	0.163728573	0.153139616	0.171902215	0.186826012	0.215102026	0.210393635	0.202050528	0.249035772	0.238432377	0.225643066	0.185861829	0.225364176	0.220063348	0.142511648	0.234478567	0.112518834	0.142507575	0.153497764	0.167147036	0.177201135	0.154078424	0.146081247	0.139142701	0.20595397	0.197173264	0.268626374	0.212099005	0.2187272	0.20361423	0.189439597	0.206886366	0.217392217	0.249367707	0.143264423	0.148424619	0.124715848	0.148286041	0.18311206	0.182101285	0.139275947	0.150808455	0.154127059	0.134567217	0.223202628	0.188589399	0.165903653	0.20188009	0.187440892	0.181288735	0.206119614	0.186083647	0.17674271	0.213373148	0.214289715	0.241692645	0.311764988	0.225356829	0.33498265	0.211647785	0.272362949	0.240386984	0.153011991	0.19963143	0.2224797	0.196783539	0.235350606	0.204370409	0.246705819	0.224954558	0.229221032	0.207258473	0.20295118	0.119996116	0.157755285	0.142840585	0.122500151	0.157978251	0.126372949	0.102616863	0.169266729	0.110495553	0.141567323	0.114444902	0.202065108	0.163242506	0.154650779	0.116992105	0.161396705	0.148486931	0.121831067	0.187404434
18S_TGP_12_7	0.254317912	0.253754271	0.23090491	0.272564703	0.17486511	0.214580657	0.243444268	0.250113495	0.351078335	0.273992084	0.276996547	0.288022109	0.263398657	0.290005325	0.298124242	0.279113483	0.266141457	0.279536742	0.255100773	0.280090253	0.289681102	0.289271799	0.249072415	0.210023518	0.295162065	0.257075818	0.279920825	0.1307051	0.23490245	0.245997549	0.260158266	0.202047618	0	0.240353004	0.213650319	0.216879122	0.17687623	0.258219436	0.194043573	0.232830835	0.271906314	0.274386011	0.109852876	0.20716985	0.252313278	0.227297787	0.231213169	0.243655519	0.139973341	0.162749885	0.250505679	0.204592606	0.198039147	0.193324138	0.293434641	0.278409235	0.273283302	0.264053919	0.296455531	0.18925194	0.271287355	0.27678011	0.259450803	0.288663864	0.316993174	0.33292006	0.247329888	0.285582751	0.302110556	0.281788598	0.32553834	0.28703813	0.29438568	0.157519066	0.284514037	0.252048572	0.245688491	0.230371731	0.286059511	0.213533681	0.249369979	0.225766696	0.227445796	0.246229421	0.201678614	0.282951867	0.245313168	0.263791735	0.247257902	0.18183058	0.242782467	0.228119391	0.177299634	0.256476865	0.205688357	0.215712622	0.154865614	0.088692099	0.157586677	0.093872363	0.227860141	0.151377931	0.133261646	0.096901506	0.173976335	0.110971692	0.177582303	0.099499357	0.09614178	0.12466301	0.139994955	0.128804233	0.184517608	0.228395693	0.276927936	0.281069389	0.267583715	0.264330512	0.23170649	0.262485716	0.260296869	0.280971221	0.253955263	0.222307856	0.22157216	0.243277817	0.216362473	0.212388241	0.179766599	0.286649119	0.238924805	0.233769124	0.274176958	0.236578196	0.255577309	0.270817113	0.241391112	0.253188268	0.267290295	0.285682199	0.232767745	0.262484107	0.279510737	0.286777632	0.272593267	0.225868916	0.242382467	0.278052817	0.285087759	0.322871556	0.320128108	0.306327687	0.353528728	0.344305334	0.344363711	0.300488237	0.33228818	0.321480748	0.247088976	0.206466706	0.22049501	0.215329859	0.238464975	0.24976393	0.2272468	0.283595143	0.267089398	0.235850906	0.317067842	0.309181108	0.376613169	0.329015043	0.33204248	0.318744651	0.3089928	0.322164499	0.315494899	0.358019542	0.271447363	0.266746525	0.267302474	0.275671786	0.239003226	0.285038525	0.215192552	0.284308218	0.271406454	0.281390223	0.250139054	0.249636862	0.237188051	0.241667624	0.226314609	0.221566044	0.218137847	0.234549658	0.214974553	0.214960345	0.236194122	0.339079196	0.159606829	0.275737183	0.178853378	0.304560893	0.131350681	0.241517722	0.205552451	0.180426589	0.288452153	0.314002121	0.351219817	0.223693666	0.308048421	0.338536438	0.24307052	0.193098811	0.2949432	0.235579664	0.298594217	0.276977145	0.262160816	0.167701089	0.242046676	0.22839503	0.211421733	0.244935636	0.266633782	0.265907784	0.326048199	0.260722177	0.294760866	0.262920152	0.289608384	0.285935062	0.258319232	0.303525751
18S_TGP_12_8	0.152765167	0.193675243	0.195511682	0.178748618	0.208335354	0.197253345	0.136524624	0.162123044	0.272063743	0.183000071	0.175254876	0.182512668	0.185739836	0.172995427	0.147696898	0.140023003	0.183532448	0.142169814	0.141257066	0.214888914	0.15692158	0.193361302	0.161565847	0.192829309	0.162600774	0.140361011	0.147696618	0.203708591	0.105192655	0.056463694	0.076673572	0.13072008	0.240353004	0	0.13945224	0.133579381	0.162286406	0.167598371	0.177438068	0.13523478	0.14282576	0.144220645	0.238049769	0.130181354	0.128754092	0.129829349	0.086970396	0.147367347	0.171322425	0.162745806	0.116763881	0.141722813	0.173973608	0.180087803	0.201099851	0.179274211	0.188148023	0.175317943	0.207455171	0.197163157	0.180365329	0.194215096	0.166534457	0.180555458	0.175625025	0.231520392	0.155479887	0.273400729	0.16325608	0.198810425	0.194117026	0.153178524	0.120095205	0.218924809	0.129735485	0.198034857	0.204063871	0.102363395	0.165972837	0.162219946	0.122793713	0.144512851	0.217821544	0.138300848	0.175768286	0.22254091	0.171256211	0.146340817	0.13547259	0.178643158	0.103097235	0.11551289	0.166071424	0.129914369	0.142398027	0.171271683	0.189801591	0.283311025	0.233792606	0.275738532	0.427450819	0.193475607	0.346111949	0.311886233	0.16572203	0.311044058	0.169355839	0.216100482	0.293780024	0.315404657	0.187450161	0.285996178	0.193933927	0.173344281	0.193441685	0.182665848	0.159728602	0.161056137	0.152062043	0.15266345	0.175841962	0.135084073	0.147745699	0.147932707	0.182705433	0.180691913	0.147407122	0.116066274	0.16649912	0.156745244	0.133025117	0.111972729	0.146267308	0.140410461	0.185671939	0.170555255	0.132895421	0.149000975	0.20567249	0.176202677	0.173773772	0.181265325	0.168701022	0.216678842	0.19774919	0.146330712	0.155586167	0.184496446	0.154738677	0.184601442	0.169078833	0.222499006	0.221721277	0.215644424	0.251871325	0.156517432	0.188841967	0.181143049	0.126079774	0.229487958	0.124544589	0.160537645	0.174865191	0.141756789	0.177130826	0.201485628	0.177931844	0.163100159	0.245299596	0.235555366	0.300732332	0.243540086	0.220911532	0.206614869	0.185067766	0.221794744	0.235393538	0.22204172	0.184281974	0.195373437	0.195597094	0.205465394	0.207363127	0.207385866	0.162585317	0.200167029	0.160706102	0.189834441	0.201050263	0.17562559	0.17885728	0.194615128	0.182490971	0.183972234	0.201368343	0.187775053	0.166720187	0.192700639	0.262931633	0.226219102	0.366372846	0.271795604	0.317082248	0.187107889	0.276932675	0.257368815	0.183628516	0.244985252	0.205570127	0.231491881	0.22784957	0.263968276	0.294466101	0.267830396	0.280268528	0.248498255	0.224089149	0.143639918	0.206233873	0.13576503	0.160867907	0.183634425	0.117909087	0.169963584	0.146883668	0.146067095	0.142862329	0.170323173	0.221211248	0.140076919	0.168772453	0.164906569	0.188685557	0.19654577	0.164186781	0.203836312
18S_TGP_12_9	0.154640765	0.174665066	0.182636495	0.185055307	0.187018916	0.175523505	0.138902928	0.14244709	0.277691596	0.180136516	0.170957314	0.177419781	0.200120233	0.180662118	0.188220916	0.150866265	0.171484842	0.193454363	0.111678756	0.208992286	0.134346639	0.193801465	0.161617749	0.165074167	0.163199567	0.134858168	0.153897768	0.132343962	0.134490435	0.147591443	0.157003719	0.138426107	0.213650319	0.13945224	0	0.137299778	0.130437374	0.155353072	0.133912994	0.148414466	0.111926844	0.169134743	0.199323937	0.141590014	0.143745641	0.143184353	0.123262621	0.145715824	0.137436062	0.13457239	0.158430241	0.14786298	0.150300628	0.195402204	0.189060608	0.165170752	0.183628017	0.183455038	0.190411346	0.140634215	0.147098625	0.196585832	0.139378095	0.164703576	0.221980924	0.252691104	0.192598904	0.268643495	0.211227526	0.204629958	0.235122298	0.200556283	0.200665454	0.193097309	0.170473115	0.178284469	0.19778408	0.115781991	0.155471433	0.146198381	0.156654585	0.126078605	0.183094878	0.146651532	0.13789375	0.222244959	0.165612177	0.176779065	0.164962486	0.166721867	0.152539857	0.108276823	0.151568847	0.150470485	0.141982295	0.103098676	0.148960922	0.228466619	0.198417702	0.226930068	0.379142181	0.134668104	0.312394053	0.284650939	0.126511235	0.284625031	0.129808868	0.169172451	0.263277871	0.287623991	0.141720928	0.249016534	0.156130462	0.161120969	0.186107177	0.184400094	0.171130569	0.179309635	0.150642761	0.14357625	0.17818896	0.141020795	0.135392652	0.15096616	0.153425081	0.196315083	0.149852226	0.125208552	0.140159116	0.190838134	0.137623622	0.15741662	0.171638336	0.132625275	0.194439173	0.182672135	0.125214433	0.16233887	0.17956688	0.200450173	0.146865012	0.194444579	0.178464188	0.238482947	0.217175889	0.129361882	0.173645621	0.199781261	0.190920303	0.237435734	0.218311674	0.241610106	0.254004083	0.234777827	0.252771421	0.19095522	0.227382605	0.232628243	0.145804127	0.201459401	0.141198312	0.107475978	0.158151271	0.131108874	0.138695927	0.162290321	0.171373375	0.151644357	0.261437927	0.240224769	0.30105604	0.249665574	0.234475567	0.203235223	0.177554455	0.215862519	0.23138142	0.24754989	0.170192503	0.181534103	0.196935076	0.211956742	0.169211309	0.218200097	0.128418588	0.146146917	0.175569779	0.159962519	0.166582347	0.168102254	0.155288013	0.145696747	0.145522517	0.137963987	0.171836989	0.162725457	0.133177294	0.158313172	0.23244852	0.232867723	0.329483058	0.234037017	0.300823435	0.217011518	0.239222983	0.215403285	0.171276734	0.21447764	0.217186756	0.25857714	0.280574825	0.251031468	0.286940965	0.286973852	0.263492237	0.221059475	0.241603104	0.118058126	0.205797637	0.150822614	0.133432006	0.123578916	0.135177397	0.159805656	0.120830014	0.138308535	0.132863464	0.149206826	0.223068621	0.134693388	0.142632355	0.171419692	0.16784982	0.189715519	0.158908317	0.19748886
18S_TGP_13_1	0.081547668	0.130676216	0.120609261	0.11146664	0.161149267	0.123832612	0.133788951	0.116508106	0.228790722	0.137870666	0.136712505	0.143488718	0.137672622	0.136588952	0.148219589	0.138710021	0.128363245	0.122232347	0.112703165	0.161732097	0.145201259	0.156011369	0.111072038	0.14805678	0.138561743	0.118516886	0.129317931	0.184661714	0.103050999	0.125966528	0.110611682	0.114516424	0.216879122	0.133579381	0.137299778	0	0.102732309	0.126988645	0.147093022	0.107676486	0.107966373	0.099760009	0.194720652	0.107442355	0.088184814	0.100825254	0.104674013	0.102276933	0.132156592	0.110475975	0.126484831	0.113200766	0.115902511	0.140797285	0.152251655	0.130529596	0.131754091	0.13867308	0.158114314	0.155097682	0.14000299	0.14328816	0.126161568	0.126616958	0.174848173	0.187233259	0.169357781	0.236412748	0.179846273	0.197922931	0.210428565	0.158197184	0.178741041	0.179861405	0.146901092	0.132475706	0.136259256	0.099826476	0.120146106	0.10693936	0.119584908	0.105574195	0.163721	0.11238732	0.145379871	0.15884373	0.130371634	0.128907385	0.127490824	0.165739449	0.105421498	0.102605132	0.141269056	0.135858265	0.120458266	0.118517875	0.15250472	0.250654397	0.198465132	0.241987614	0.395225009	0.171751653	0.291995278	0.262094912	0.108533718	0.259500228	0.113290832	0.172942592	0.224660906	0.25118379	0.139424982	0.261224135	0.131791004	0.116169807	0.121953994	0.121850962	0.098893901	0.094255131	0.124232964	0.125888653	0.097858449	0.120602594	0.105116199	0.098045862	0.139233467	0.130617646	0.084387057	0.075738182	0.1244316	0.149723478	0.096989214	0.102304563	0.124978306	0.094758151	0.119375873	0.12709566	0.105995933	0.110902095	0.16091291	0.128970876	0.119794212	0.127905904	0.141484442	0.161740165	0.120525154	0.111887232	0.103643108	0.119986638	0.14976714	0.163350277	0.179750564	0.157040829	0.221774955	0.221432383	0.211769825	0.160456666	0.199741327	0.167450254	0.085100206	0.164241927	0.091120884	0.116458973	0.120542247	0.103021791	0.128630143	0.135467224	0.109126623	0.108895714	0.178740107	0.190492968	0.261821162	0.204864115	0.19622026	0.183849971	0.165903941	0.187729608	0.196464728	0.220674124	0.141374628	0.127987187	0.139433894	0.153752896	0.155368305	0.15739768	0.106830659	0.144555759	0.120316932	0.137421299	0.180641168	0.143042292	0.123392586	0.154960454	0.142951355	0.124846896	0.153383409	0.113788785	0.122312185	0.163587958	0.224904085	0.233034507	0.324408196	0.226538808	0.323631545	0.230413008	0.259902424	0.227918965	0.128884539	0.185478268	0.168290312	0.194339473	0.249137703	0.194524846	0.26668355	0.203381896	0.214424402	0.177046414	0.240895253	0.106333636	0.167633892	0.134273495	0.112359076	0.162546556	0.104402733	0.118421431	0.122167982	0.100118383	0.120036509	0.133508648	0.186365964	0.111312402	0.142233886	0.125195058	0.143127853	0.16690345	0.126845381	0.168075262
18S_TGP_13_10	0.135252032	0.132443682	0.114886802	0.155584669	0.15366566	0.112482015	0.145643961	0.12285418	0.238823014	0.156277671	0.155066856	0.169849508	0.135211399	0.153659227	0.175687227	0.162459281	0.140618717	0.171122055	0.136663291	0.182424032	0.168986223	0.166605309	0.124839389	0.108693631	0.1749133	0.147488885	0.163170337	0.156640068	0.115927059	0.163086903	0.179554565	0.094548255	0.17687623	0.162286406	0.130437374	0.102732309	0	0.13641771	0.130303277	0.126348021	0.15475629	0.141318519	0.149425068	0.0963268	0.123979919	0.112803246	0.129860309	0.117594923	0.09760134	0.107059311	0.144221495	0.093472625	0.088132271	0.129866165	0.173945009	0.153034152	0.150823995	0.146388137	0.167156879	0.108100341	0.16063075	0.162512986	0.140042612	0.170383195	0.224151626	0.242619613	0.17166968	0.226596446	0.219329712	0.196623139	0.235199104	0.198079107	0.217239608	0.16910851	0.182598622	0.151282081	0.137893564	0.102190856	0.172690802	0.109239776	0.147214235	0.105321682	0.09708054	0.14739885	0.16909402	0.175270463	0.147514293	0.148003402	0.152918116	0.14818656	0.161068778	0.12719996	0.133255996	0.152124597	0.131096325	0.129814099	0.10758935	0.188280174	0.16264523	0.226062381	0.360018368	0.129096464	0.267153822	0.231899903	0.085548294	0.237699118	0.125913339	0.147497463	0.210259843	0.240226897	0.101995159	0.233624023	0.112256013	0.115317324	0.154345454	0.170899047	0.144937324	0.146034361	0.117607772	0.148585166	0.1390578	0.176452322	0.130915091	0.098860637	0.147347895	0.133920327	0.107831561	0.111113148	0.110011044	0.187759159	0.115541003	0.149316272	0.161509552	0.125195456	0.145827467	0.161767791	0.131937425	0.145591026	0.164983366	0.176826698	0.148429975	0.154546276	0.169190729	0.17746475	0.173748116	0.125513189	0.150715837	0.165280299	0.181355744	0.219151414	0.221770974	0.204771813	0.258253295	0.258874751	0.242840308	0.199020004	0.234911555	0.228551996	0.141562018	0.187063908	0.115696095	0.108146724	0.117570099	0.142417575	0.130899446	0.173624491	0.165891515	0.114037936	0.21557961	0.211214505	0.279048939	0.230135814	0.231359905	0.219583085	0.19436686	0.223201995	0.217690473	0.257724465	0.145938399	0.137862501	0.138045782	0.154778154	0.138961811	0.174016723	0.132697762	0.167694826	0.148626072	0.159099894	0.184800769	0.151272566	0.132290759	0.158966688	0.157835349	0.150949869	0.167690174	0.142650355	0.133249399	0.173518216	0.185469888	0.24125139	0.264811899	0.193457399	0.302877863	0.228011148	0.231511129	0.204268632	0.126633318	0.162477825	0.215608828	0.223052001	0.266994448	0.174961203	0.241163334	0.236127616	0.198521016	0.181091503	0.210445726	0.129648733	0.178565432	0.170693841	0.150393914	0.127986448	0.152956722	0.118687125	0.13174929	0.129303084	0.14784719	0.142114828	0.209148428	0.147208955	0.17409245	0.137541598	0.152785	0.183593114	0.132300618	0.184713647
18S_TGP_13_2	0.127578972	0.139628437	0.162917887	0.110263595	0.23418147	0.155047739	0.146018455	0.102481997	0.194293177	0.126126328	0.096684705	0.124297425	0.140227146	0.129605523	0.144608792	0.130568213	0.111588249	0.142577521	0.12630772	0.165907842	0.118611851	0.128896058	0.118162099	0.121043456	0.107108946	0.129688904	0.125093333	0.209977626	0.15140294	0.165802394	0.169373685	0.131939167	0.258219436	0.167598371	0.155353072	0.126988645	0.13641771	0	0.173627642	0.14377783	0.135192758	0.12288399	0.237792714	0.163237893	0.111143492	0.172624536	0.152501401	0.149332579	0.183104765	0.184581745	0.159934757	0.164716645	0.138271981	0.212932463	0.081895548	0.077306494	0.075824287	0.136163785	0.096208279	0.121758589	0.134091957	0.103349528	0.116769828	0.090850602	0.179784451	0.206300213	0.196894786	0.237733461	0.178680422	0.204705556	0.214832027	0.183476971	0.184141292	0.206674378	0.15100366	0.18379935	0.199219866	0.120300955	0.122943397	0.144092665	0.129913851	0.112095906	0.17581861	0.099854686	0.157571236	0.155317246	0.113057716	0.128704296	0.13085653	0.188739656	0.157050726	0.122164413	0.146183657	0.141620709	0.165472162	0.128290945	0.170287618	0.272807556	0.209272166	0.276156484	0.417855683	0.176257822	0.337359897	0.305349022	0.140799984	0.312732642	0.136466209	0.207262883	0.290359729	0.304818065	0.183554216	0.293538028	0.188653522	0.160290484	0.15221407	0.132704996	0.14603372	0.149968204	0.167356764	0.1293801	0.152934655	0.148713569	0.110946148	0.149609482	0.18528685	0.17859345	0.141677496	0.124673702	0.172209233	0.14049569	0.105311939	0.124319167	0.10816648	0.122622944	0.12809291	0.137941745	0.117304364	0.15353618	0.151904679	0.1455747	0.150760711	0.116038232	0.130004258	0.158092069	0.145340022	0.124651753	0.136245802	0.131514669	0.140414544	0.192629224	0.180216951	0.174412273	0.208201906	0.209325085	0.192401078	0.144470166	0.184634776	0.184328443	0.122617018	0.189933008	0.095020689	0.119155715	0.116523498	0.11700548	0.133104621	0.132803778	0.146916359	0.099670624	0.18823489	0.164496672	0.235030793	0.176932866	0.181532626	0.164925641	0.158731653	0.165962753	0.175284485	0.208318777	0.108382015	0.138242949	0.125249132	0.123842079	0.144038087	0.144522368	0.135232788	0.124387284	0.133787111	0.110146898	0.17602903	0.140083771	0.124167798	0.157518657	0.141703492	0.155069569	0.173615176	0.15219913	0.130304319	0.171950031	0.224485481	0.2263497	0.330645596	0.229787895	0.339273807	0.230023368	0.270826641	0.23956879	0.171850497	0.215152195	0.184308828	0.195403401	0.231575235	0.238554188	0.254033694	0.212655018	0.272679653	0.210728261	0.225799877	0.065556843	0.1118658	0.121953587	0.113257647	0.170415251	0.116243723	0.093258705	0.149192615	0.104218194	0.080069343	0.08064469	0.172455892	0.132470921	0.127420665	0.088756766	0.126423761	0.1483355	0.064762509	0.138608489
18S_TGP_13_3	0.165854828	0.189669045	0.172518853	0.186868282	0.187215957	0.181457827	0.169649566	0.16168934	0.268199474	0.200804398	0.188068478	0.184300765	0.195790438	0.177970641	0.185718396	0.160278674	0.196118288	0.186494617	0.142401443	0.191752257	0.190664381	0.198990966	0.181315833	0.175695069	0.182533592	0.145899976	0.180556948	0.145668689	0.168361765	0.182213236	0.187889421	0.171241798	0.194043573	0.177438068	0.133912994	0.147093022	0.130303277	0.173627642	0	0.129763047	0.165125078	0.176231282	0.195349218	0.158040272	0.156374397	0.157611127	0.146859197	0.164423852	0.133339264	0.144415818	0.171227255	0.169458798	0.153469782	0.218338377	0.211194539	0.179188273	0.200620756	0.160087778	0.211855436	0.1709607	0.202655093	0.204875155	0.186685303	0.194019034	0.230417865	0.24237463	0.206938538	0.275673601	0.223945292	0.218015556	0.244101655	0.197944472	0.216380069	0.15142295	0.184335649	0.185628702	0.202999228	0.141953936	0.191672967	0.163792018	0.162860195	0.137239251	0.171217367	0.166376982	0.101833332	0.207269942	0.185002349	0.188637537	0.1718308	0.150235812	0.189507341	0.138546477	0.133478235	0.180245171	0.182579074	0.121938068	0.151740958	0.187227868	0.18649406	0.212968837	0.370845796	0.107074187	0.280866816	0.253806557	0.131047579	0.253673051	0.110003175	0.179141163	0.236030988	0.254312779	0.157173443	0.227375117	0.170751149	0.184104836	0.216727972	0.196840692	0.179668162	0.173877785	0.169385945	0.179675264	0.190805094	0.190267814	0.158650634	0.147577255	0.108486153	0.20034531	0.168046881	0.142447069	0.141380514	0.208273071	0.12928928	0.16620794	0.179130097	0.137179585	0.188321271	0.19278153	0.142121703	0.158625161	0.159833576	0.197987049	0.121405928	0.187848977	0.191841049	0.220697358	0.200095627	0.125461026	0.173380732	0.196244169	0.196795046	0.243537662	0.22485952	0.228024091	0.265872149	0.263223119	0.258329298	0.208832919	0.246783978	0.228957769	0.168051808	0.125804714	0.151983387	0.128897244	0.158388652	0.149789705	0.135067894	0.211737006	0.209881423	0.155873009	0.250200616	0.241001455	0.306852268	0.252214973	0.245930281	0.22507656	0.214149689	0.238481162	0.242158111	0.270212579	0.183098375	0.185445626	0.197160951	0.213236971	0.144421182	0.213498015	0.142798967	0.208649023	0.189099324	0.199501519	0.1305542	0.157220855	0.138873952	0.124610766	0.104248852	0.136702912	0.108781274	0.147061359	0.104474671	0.101605921	0.244728925	0.250423582	0.292466226	0.238093916	0.282082984	0.244881652	0.221301102	0.231489492	0.171166222	0.176897364	0.197069033	0.260513275	0.291186895	0.23780605	0.2978491	0.273870231	0.273508628	0.173731139	0.255471108	0.158445419	0.205805123	0.187036414	0.187423709	0.127964069	0.174400124	0.145412478	0.089564292	0.146990437	0.159126576	0.188427298	0.224014971	0.159265056	0.193027937	0.163607129	0.178697501	0.215563974	0.172677754	0.220063002
18S_TGP_13_4	0.105390225	0.129211266	0.127528485	0.149094096	0.177286749	0.135018365	0.12238879	0.148199575	0.208948512	0.171461692	0.172265852	0.153434108	0.128947224	0.138637916	0.159556121	0.148618813	0.171830792	0.132333551	0.159230521	0.155249023	0.155785909	0.142181869	0.146778252	0.162996666	0.131844238	0.108425994	0.135556763	0.204076119	0.110767253	0.126771783	0.124128051	0.12011468	0.232830835	0.13523478	0.148414466	0.107676486	0.126348021	0.14377783	0.129763047	0	0.137285942	0.137851999	0.206190189	0.127714748	0.134301801	0.103936262	0.088787289	0.123038058	0.156786257	0.128823989	0.141797718	0.131666359	0.11428773	0.160709107	0.192164659	0.160790837	0.177238533	0.094700247	0.191998856	0.174095484	0.172206673	0.187752562	0.168147477	0.15715725	0.181587765	0.168275733	0.13228606	0.224025737	0.173294021	0.161129366	0.198364662	0.135087778	0.149293127	0.163827086	0.152016116	0.183427972	0.170996331	0.093821584	0.145014724	0.141208683	0.157604542	0.096135671	0.142684923	0.113357918	0.184905588	0.157250055	0.135123017	0.150418514	0.150449019	0.181289623	0.148425722	0.150637622	0.153953988	0.136287631	0.155728338	0.156918432	0.163653354	0.269862454	0.183347839	0.268222949	0.419109552	0.172748729	0.31137172	0.300506095	0.139265644	0.28739959	0.170018357	0.210928722	0.263878429	0.295508915	0.175173673	0.289467031	0.159536776	0.133790541	0.173430488	0.167641663	0.140465921	0.132665994	0.136914185	0.153388094	0.140565492	0.159251386	0.143505658	0.108828377	0.181976266	0.160537506	0.113949556	0.102444948	0.129542885	0.164914574	0.099609245	0.11332919	0.132087811	0.133787467	0.149823067	0.146255953	0.14637106	0.141745051	0.172099544	0.150445799	0.158354473	0.137550359	0.15072543	0.151583719	0.124073668	0.139181746	0.099455875	0.13118389	0.152801457	0.190792895	0.188391692	0.163835642	0.224030771	0.20551338	0.196304546	0.173362682	0.206042745	0.15478293	0.14035829	0.203900397	0.107500483	0.1327347	0.158399535	0.148181005	0.138911662	0.140298713	0.178144938	0.135923332	0.165066041	0.200934423	0.244584659	0.190556674	0.201725747	0.184611205	0.167823187	0.195761898	0.204746322	0.22772107	0.156047842	0.155446181	0.175023711	0.170799313	0.179071403	0.141068297	0.168787092	0.17107512	0.157081199	0.154987357	0.219752464	0.17860152	0.159039455	0.196768476	0.187563832	0.175557121	0.195628847	0.165413454	0.161973768	0.203794598	0.205884922	0.189729542	0.304462806	0.219332688	0.309370328	0.15601987	0.253556331	0.189311238	0.11045741	0.175373271	0.145849318	0.160530005	0.218851941	0.193508389	0.250097904	0.207144197	0.24278166	0.18034121	0.177891142	0.151953767	0.149251616	0.142568671	0.158966026	0.184390745	0.131782635	0.125438518	0.143352197	0.123130158	0.163016108	0.175264177	0.170514843	0.151296538	0.167280469	0.153433065	0.137246584	0.141193639	0.162520871	0.178915688
18S_TGP_13_5	0.124323215	0.163693965	0.184582069	0.139148892	0.219807397	0.176474579	0.107991363	0.134385787	0.226537225	0.132430172	0.12470557	0.135496885	0.158098077	0.13995805	0.136054862	0.130535776	0.129864357	0.156920645	0.111419218	0.211379626	0.099719976	0.158272568	0.126010859	0.164793116	0.116128303	0.137227591	0.124167846	0.180910881	0.112734838	0.136985118	0.141650654	0.12422237	0.271906314	0.14282576	0.111926844	0.107966373	0.15475629	0.135192758	0.165125078	0.137285942	0	0.119961849	0.231409609	0.108169759	0.076275053	0.141811539	0.100898313	0.129744133	0.171310938	0.175969803	0.12018058	0.123800612	0.169074761	0.190463318	0.139409477	0.120954619	0.127973953	0.131867849	0.14539375	0.170516507	0.111096884	0.149675128	0.107830352	0.125383602	0.184251633	0.216334005	0.1939902	0.272192039	0.18418176	0.211827864	0.220298957	0.179548864	0.17739451	0.231824886	0.126558009	0.205530901	0.213353296	0.119901128	0.11360748	0.157619485	0.143364677	0.127155627	0.225038463	0.117376938	0.17360384	0.194738094	0.148790164	0.146232896	0.15272244	0.195822253	0.128530504	0.115815343	0.17461234	0.133871719	0.14091525	0.142878068	0.19674773	0.296139752	0.234536581	0.270723715	0.424328006	0.201021874	0.357460087	0.325878309	0.175031803	0.334039285	0.15458747	0.216479992	0.30595158	0.32009397	0.19416972	0.29826418	0.195396509	0.157719	0.142128637	0.134003032	0.128035947	0.138909962	0.1372331	0.112457099	0.14920414	0.100721183	0.109489379	0.137048179	0.181262468	0.179696843	0.140919822	0.117115812	0.18452526	0.149498054	0.128533897	0.142748363	0.141176896	0.140133876	0.183883651	0.152036263	0.128613037	0.167289718	0.192023765	0.155308968	0.174438062	0.162190416	0.146297362	0.201659391	0.17239651	0.142751624	0.158926734	0.171344745	0.157098467	0.196101869	0.176345632	0.203669313	0.211871815	0.202642591	0.2104549	0.141238503	0.189827086	0.190833885	0.112864564	0.23303133	0.125666043	0.14399641	0.163933557	0.135891377	0.181871885	0.145752569	0.128816492	0.138442263	0.221675735	0.203385766	0.260429914	0.207758545	0.190318082	0.16685401	0.157071658	0.178420037	0.203051061	0.20626984	0.145719077	0.145939261	0.15409666	0.17255826	0.196926997	0.185532978	0.140135516	0.126481916	0.142402621	0.115281484	0.189511475	0.175964422	0.17002248	0.172747237	0.172943818	0.162265137	0.202754983	0.185820876	0.161698212	0.18951383	0.251325436	0.224873911	0.36820054	0.268041305	0.336351325	0.216837025	0.278356753	0.246355462	0.199624384	0.249188108	0.198635219	0.221706097	0.245099304	0.265458908	0.286813673	0.246946129	0.288381574	0.252495037	0.250456496	0.116441502	0.166058482	0.109232456	0.093134061	0.174029893	0.102210864	0.146939785	0.165726693	0.108771865	0.116773477	0.122590566	0.182665173	0.127186976	0.109395933	0.133131733	0.144312449	0.159381864	0.132115755	0.17176342
18S_TGP_13_6	0.107592782	0.127283924	0.152473697	0.06823585	0.179933133	0.154116953	0.150464622	0.148610698	0.202650781	0.127891317	0.102141598	0.119730422	0.155474178	0.08066991	0.104974702	0.122881283	0.085126858	0.094263764	0.120745086	0.191865882	0.133844565	0.172169278	0.113939725	0.148147153	0.096970312	0.159088172	0.141972872	0.210287522	0.094745145	0.13292702	0.12858055	0.127471622	0.274386011	0.144220645	0.169134743	0.099760009	0.141318519	0.12288399	0.176231282	0.137851999	0.119961849	0	0.230603211	0.113982781	0.088353656	0.113077983	0.108472874	0.105364703	0.171956119	0.134612971	0.125866251	0.146139319	0.145929724	0.194252292	0.112465671	0.101880787	0.111030299	0.156857188	0.114663453	0.164291341	0.141770047	0.09593293	0.123331201	0.093766597	0.157369896	0.179552744	0.192912947	0.268100866	0.169197912	0.212570797	0.187957558	0.14875637	0.180204918	0.23637408	0.127514791	0.172614772	0.175376699	0.094632481	0.1131322	0.161330499	0.119338149	0.14479063	0.189180283	0.114502866	0.19191607	0.185877236	0.157613674	0.103865743	0.129004982	0.176853373	0.123153938	0.110186268	0.191858358	0.125605069	0.137605577	0.163944129	0.191740934	0.290612744	0.224698023	0.277050844	0.433660185	0.202106753	0.330227719	0.311522982	0.157156174	0.300018093	0.152595934	0.215690375	0.274712135	0.313946155	0.178827768	0.306693984	0.168886929	0.122473329	0.110630521	0.090581	0.084637434	0.094812726	0.12044261	0.103739831	0.09947568	0.074018979	0.096208792	0.127372968	0.15581027	0.147229181	0.115413863	0.109459108	0.178224246	0.126127289	0.115679044	0.113409854	0.091769441	0.109013659	0.141487216	0.129225094	0.13814786	0.120332011	0.192852638	0.115255176	0.141092436	0.144867932	0.130679852	0.146298007	0.143191995	0.127505334	0.148172217	0.116741697	0.12486599	0.122812149	0.14118653	0.143536924	0.18126072	0.193149275	0.196259465	0.11489039	0.160183761	0.128791081	0.091272808	0.196946823	0.126011273	0.165877332	0.133910874	0.132679481	0.180999848	0.131964304	0.133547061	0.13623713	0.167219674	0.193080768	0.249229149	0.189098835	0.174769634	0.157372697	0.164651874	0.168573951	0.198292844	0.181048502	0.14047174	0.120269497	0.112186641	0.128037493	0.17718841	0.160113204	0.142058312	0.144873369	0.099159207	0.126497308	0.19052958	0.154872923	0.121477977	0.168165752	0.146006941	0.150212215	0.180722212	0.152584307	0.167184544	0.185299282	0.264000251	0.222076151	0.355292002	0.267632463	0.340659314	0.241359054	0.286238333	0.268052205	0.184140157	0.238109755	0.167342971	0.193150192	0.263189399	0.235059232	0.290519169	0.192107877	0.262243408	0.222784868	0.280740899	0.123545375	0.143843472	0.113732494	0.115333807	0.212127576	0.103025792	0.134589381	0.152273414	0.107139318	0.108559938	0.128410889	0.17709399	0.10909813	0.112653127	0.09433641	0.133614457	0.172656265	0.119026126	0.171632043
18S_TGP_13_7	0.223902777	0.21920069	0.183963726	0.219343183	0.129435385	0.182345499	0.198406512	0.21751389	0.324543116	0.234758273	0.223589173	0.230252958	0.234205461	0.243942852	0.237431547	0.229133626	0.218102681	0.253205779	0.218077256	0.279441303	0.264651679	0.251598293	0.203463196	0.168208852	0.255257372	0.234007994	0.233498421	0.114768501	0.193817711	0.235742965	0.24831461	0.185025936	0.109852876	0.238049769	0.199323937	0.194720652	0.149425068	0.237792714	0.195349218	0.206190189	0.231409609	0.230603211	0	0.160777752	0.220675915	0.185745127	0.204173481	0.203777001	0.121280564	0.138709413	0.195205268	0.131820684	0.167559865	0.169791631	0.245894353	0.221171658	0.254102447	0.227254409	0.241575067	0.156116595	0.229961105	0.223272466	0.21110082	0.263192075	0.288808676	0.3062348	0.223484859	0.264716621	0.281738378	0.247443856	0.298499795	0.254595119	0.27821616	0.171519893	0.256202446	0.249571309	0.210488809	0.204770327	0.26129636	0.191569263	0.236583937	0.188454265	0.201727682	0.222070304	0.222172509	0.249000779	0.217549891	0.233699799	0.232440064	0.162030506	0.225297668	0.204282377	0.195533049	0.228844862	0.176353909	0.201403107	0.129717011	0.12665515	0.119101263	0.141826617	0.273086578	0.15365651	0.194354138	0.166306838	0.182848096	0.16741829	0.189293753	0.106156753	0.147942481	0.183729377	0.143199907	0.174300879	0.168598088	0.183247568	0.251678019	0.228473443	0.213334621	0.217408068	0.146020013	0.193510528	0.202742356	0.237080836	0.203777882	0.171704039	0.201970781	0.228953679	0.188932121	0.178384606	0.164442527	0.256470277	0.204999678	0.224111617	0.252184038	0.227557772	0.254870276	0.236749495	0.225082714	0.237424533	0.255202165	0.25291788	0.213630908	0.244008962	0.241837284	0.266482662	0.251349626	0.205324822	0.235616872	0.25812562	0.254779754	0.292121402	0.291810868	0.27497984	0.320066359	0.318647003	0.291745891	0.256420122	0.294470548	0.292643846	0.220558468	0.247219226	0.209587753	0.194355188	0.215469678	0.237133095	0.214754786	0.27022051	0.255161043	0.214923038	0.28958429	0.285426739	0.349557052	0.295623026	0.291053166	0.271218458	0.262003943	0.276384961	0.280482982	0.314855113	0.239998384	0.236113466	0.228472495	0.247797841	0.220857211	0.250737615	0.21373174	0.255692981	0.241975808	0.23562141	0.236483786	0.22664997	0.222839292	0.22114911	0.220019164	0.227087894	0.242065126	0.228671207	0.208556437	0.240149042	0.212830419	0.301994623	0.189229116	0.261423234	0.207798921	0.275256801	0.144767197	0.204986626	0.196363278	0.188802497	0.273648645	0.304012401	0.337237849	0.204333019	0.289001023	0.318115669	0.225608173	0.233182564	0.284349975	0.2292104	0.272815172	0.25323064	0.2236999	0.184809778	0.221314962	0.197111258	0.20175761	0.212120643	0.245672329	0.226386937	0.281429782	0.23443974	0.238331775	0.21198769	0.252405164	0.248175674	0.222455814	0.276040037
18S_TGP_13_8	0.127203285	0.144473763	0.136199664	0.142185046	0.142031443	0.136304547	0.140227741	0.153295652	0.243232989	0.167163429	0.155531078	0.153341491	0.143727656	0.1293245	0.128708507	0.141360531	0.142995424	0.136186425	0.138072995	0.218648799	0.162476502	0.182653001	0.132673532	0.11803818	0.145584444	0.150600091	0.140084072	0.156678438	0.087598665	0.132207229	0.151532508	0.092226985	0.20716985	0.130181354	0.141590014	0.107442355	0.0963268	0.163237893	0.158040272	0.127714748	0.108169759	0.113982781	0.160777752	0	0.091980486	0.099089229	0.102253156	0.115240473	0.113602706	0.10669528	0.118771942	0.057056347	0.10565817	0.123559418	0.168267058	0.152361472	0.157301287	0.158091463	0.177534362	0.138579251	0.162770069	0.151475237	0.137426449	0.172631559	0.177100674	0.209821779	0.141755532	0.218358417	0.171024502	0.161884933	0.187026493	0.144615035	0.176402543	0.177112521	0.138231965	0.185669808	0.170942426	0.102022747	0.149381411	0.105266195	0.132633412	0.116048922	0.156463462	0.115385891	0.183822034	0.187553634	0.148770466	0.119394843	0.138267115	0.141606683	0.104411905	0.133476764	0.171037055	0.106639434	0.075520966	0.165427709	0.131241932	0.22535763	0.166311116	0.230564044	0.37285652	0.145924843	0.298597006	0.251547335	0.132022233	0.258254177	0.161939038	0.167099601	0.237163301	0.26441994	0.133261112	0.240193771	0.138157015	0.110804176	0.157546468	0.156386944	0.120219767	0.123176673	0.083146354	0.130164362	0.134506931	0.133669371	0.124240919	0.093461715	0.166924958	0.134278393	0.104110121	0.1030949	0.159292449	0.137461986	0.121550388	0.119455576	0.142711192	0.133011091	0.173630168	0.135909202	0.124904299	0.139075098	0.194716228	0.152278111	0.166940868	0.173418314	0.143032346	0.183290741	0.16458895	0.12834107	0.155471733	0.164121383	0.14504021	0.173582727	0.175388497	0.187439842	0.208992086	0.207558954	0.220686449	0.149273346	0.181967663	0.180248276	0.116225515	0.22172662	0.105689434	0.150678505	0.1571963	0.140078333	0.171316874	0.183689759	0.158187625	0.147776192	0.214530458	0.211883442	0.269550922	0.217961917	0.197093225	0.174794321	0.165573591	0.188293204	0.205916338	0.204868217	0.17070732	0.164868298	0.151034711	0.16863331	0.179278572	0.172619758	0.16268593	0.177729369	0.147153871	0.160631568	0.200831775	0.165241138	0.171910407	0.191957098	0.184888009	0.190809073	0.210144893	0.189590296	0.16744653	0.203517154	0.201941339	0.194035835	0.298566505	0.22427256	0.27695867	0.179168201	0.22733084	0.198323126	0.136711741	0.187324125	0.194022888	0.219297736	0.259826009	0.196062281	0.234281842	0.233267509	0.215925652	0.213292972	0.220832189	0.156123095	0.193519289	0.146469342	0.13790106	0.168583359	0.108260605	0.140070375	0.156722724	0.131582716	0.156758417	0.159328428	0.197910344	0.142206006	0.147007314	0.138268872	0.16768597	0.18417435	0.153950682	0.192870359
18S_TGP_13_9	0.101385241	0.143155887	0.161501469	0.106035168	0.195208354	0.154777785	0.132412864	0.114295955	0.186491711	0.109985231	0.099431441	0.105943508	0.135677855	0.101477916	0.10760646	0.115439075	0.108522896	0.118551043	0.104989111	0.185424592	0.11634074	0.143806142	0.108129292	0.154536607	0.094009749	0.115692974	0.115134982	0.194833505	0.0917875	0.128193002	0.135853957	0.108862121	0.252313278	0.128754092	0.143745641	0.088184814	0.123979919	0.111143492	0.156374397	0.134301801	0.076275053	0.088353656	0.220675915	0.091980486	0	0.137662263	0.119545412	0.122494714	0.1439152	0.161160125	0.134198726	0.107882838	0.147314462	0.178395507	0.119707156	0.099422062	0.092377579	0.140295358	0.11568863	0.157106643	0.107894574	0.120582816	0.106824488	0.103385536	0.159049437	0.173918571	0.172947453	0.245675832	0.156650914	0.193253255	0.185254218	0.145433755	0.16433933	0.203570241	0.098753191	0.184620471	0.196537542	0.105909045	0.088725243	0.127282997	0.116223865	0.109968904	0.198921976	0.086483288	0.155570751	0.167681472	0.123747404	0.10516054	0.121368932	0.173196802	0.118834883	0.10499518	0.15222103	0.103490554	0.122911802	0.136458411	0.16748232	0.275482369	0.20756363	0.263186961	0.417284544	0.175206411	0.339426789	0.302981145	0.14684499	0.309340069	0.138877198	0.205632001	0.285032096	0.295641428	0.179883779	0.277875251	0.177074437	0.142653493	0.122377549	0.100796692	0.101804699	0.099600533	0.113544875	0.091245506	0.122581687	0.101843705	0.087402367	0.120061315	0.157349853	0.148744994	0.113536097	0.089955886	0.170818555	0.109052531	0.098235483	0.11092136	0.10430308	0.107264607	0.149172828	0.110136801	0.100764618	0.136249978	0.166583651	0.111037778	0.144567525	0.133119612	0.104884329	0.153274542	0.142311737	0.113580836	0.138739005	0.127341116	0.126199568	0.151337864	0.1393005	0.160727549	0.181699088	0.177325887	0.180406184	0.114053131	0.155383538	0.147347786	0.097038882	0.200924694	0.089696442	0.133342504	0.131403431	0.112773372	0.152236225	0.136518397	0.115091499	0.122703872	0.179492192	0.176251616	0.230494492	0.174189601	0.158291092	0.138247349	0.14005911	0.150147981	0.176227144	0.17968937	0.123873623	0.127915528	0.124078805	0.13490008	0.168572082	0.154494159	0.139607689	0.128783169	0.111835595	0.109310369	0.172203832	0.146797459	0.137668755	0.162224039	0.146737203	0.159343554	0.175358261	0.15736737	0.128015483	0.162490039	0.235170083	0.205315768	0.345480194	0.24567128	0.318286853	0.209610757	0.259721987	0.22835681	0.173444708	0.220625046	0.159033356	0.189164129	0.22333446	0.236429408	0.26394105	0.20384207	0.263013921	0.224840099	0.239287553	0.104248639	0.132547209	0.0929431	0.094370278	0.171742735	0.090065255	0.12652904	0.138117209	0.089319984	0.105254863	0.121256229	0.151360973	0.114481855	0.098627575	0.09874778	0.132361054	0.134939858	0.107961267	0.14319191
18S_TGP_14_1	0.115575382	0.126634818	0.108332423	0.161413885	0.131206839	0.123162045	0.155337309	0.17824308	0.272796491	0.188013836	0.183697788	0.185070676	0.170221581	0.163481596	0.158229096	0.156804144	0.182327312	0.121200598	0.146364372	0.203809381	0.174681253	0.203395026	0.156868034	0.152741812	0.164354553	0.15824182	0.15241268	0.1775142	0.126770179	0.113829728	0.117208431	0.123929839	0.227297787	0.129829349	0.143184353	0.100825254	0.112803246	0.172624536	0.157611127	0.103936262	0.141811539	0.113077983	0.185745127	0.099089229	0.137662263	0	0.082368653	0.097299984	0.133859084	0.090104414	0.095436017	0.108608575	0.111564834	0.101588414	0.203114053	0.180812062	0.193106825	0.172738645	0.208669842	0.171245791	0.186775397	0.19681837	0.177658361	0.172158479	0.180755963	0.214405665	0.139405101	0.238127515	0.175613239	0.172507206	0.197765495	0.132629545	0.172398837	0.192045904	0.144294966	0.145089013	0.127129811	0.094190258	0.164597625	0.141745728	0.13869832	0.121409055	0.137463171	0.13440552	0.191720755	0.206182986	0.173859703	0.133047897	0.143126957	0.14964646	0.121203891	0.120370116	0.177609484	0.13557731	0.120730708	0.170115759	0.153323711	0.24874442	0.192889337	0.252991421	0.399587901	0.168919327	0.295445325	0.27784828	0.129869551	0.24086099	0.167436071	0.195051362	0.226030673	0.278489699	0.152273103	0.275586254	0.123018782	0.105849109	0.161031217	0.17237689	0.119859851	0.114400465	0.116789073	0.151682607	0.123203452	0.138082248	0.153637704	0.088105712	0.154678301	0.141278216	0.085301415	0.10372203	0.133977547	0.17128352	0.127090512	0.113500263	0.139309729	0.123016044	0.135548263	0.170523785	0.145174151	0.095476603	0.213223405	0.170461387	0.166444557	0.17835736	0.172447917	0.190813643	0.176214391	0.144944307	0.11006204	0.137437614	0.160205762	0.144617041	0.186199419	0.164777788	0.226241282	0.223785866	0.253484457	0.171792276	0.207870219	0.167877444	0.117399414	0.204327657	0.122220958	0.149466898	0.153338571	0.142809215	0.173476391	0.180628064	0.177957565	0.149856123	0.196941266	0.230544063	0.29928755	0.245441951	0.226500759	0.209751411	0.180506267	0.225750134	0.235710874	0.22913498	0.192693479	0.161678209	0.174516447	0.187682401	0.200067058	0.188401757	0.17148652	0.20009217	0.145894608	0.189923681	0.218310788	0.179393926	0.159810087	0.191349355	0.186230349	0.171199061	0.193719034	0.152299375	0.173101546	0.198972217	0.226945837	0.218735048	0.314843593	0.236291244	0.29767303	0.204514675	0.251633334	0.225502426	0.11323992	0.183150288	0.19112079	0.203007441	0.27810686	0.176138159	0.268064861	0.219159452	0.193171135	0.180385332	0.234980725	0.156295469	0.211346588	0.154446038	0.162722548	0.176028045	0.127251826	0.148600247	0.148163941	0.139507801	0.153246471	0.181730158	0.2331012	0.134934967	0.175815232	0.173471894	0.170508555	0.21004165	0.176514379	0.212483009
18S_TGP_14_2	0.117287821	0.152375876	0.159310428	0.149496472	0.178578208	0.166038909	0.089930862	0.162407325	0.25696874	0.164202034	0.16892349	0.167104292	0.162589414	0.143723659	0.145914138	0.15096975	0.152581284	0.130658133	0.125857353	0.208826306	0.14802837	0.188585156	0.13227869	0.164997263	0.148466939	0.149763764	0.13096041	0.176474043	0.080006199	0.077875786	0.087942051	0.115146056	0.231213169	0.086970396	0.123262621	0.104674013	0.129860309	0.152501401	0.146859197	0.088787289	0.100898313	0.108472874	0.204173481	0.102253156	0.119545412	0.082368653	0	0.085674362	0.14790556	0.122433849	0.089369576	0.119433156	0.124924819	0.154120472	0.182863578	0.16195059	0.176328632	0.130171313	0.188497962	0.177261343	0.152788259	0.176374219	0.145436709	0.156266951	0.175497458	0.217219291	0.14697871	0.256209512	0.165467205	0.191826961	0.195088168	0.148002863	0.136820309	0.206341137	0.131134441	0.176817212	0.161866709	0.062788454	0.139699221	0.150699578	0.135204846	0.118020002	0.179732345	0.113656685	0.175290392	0.200830517	0.149738645	0.127014027	0.137000453	0.164193645	0.099346834	0.108661621	0.154632826	0.13360313	0.12607113	0.144573392	0.172936503	0.259646061	0.209079971	0.258727552	0.409858019	0.178361452	0.318133823	0.290421218	0.140156201	0.291527076	0.150795028	0.200508913	0.267305787	0.300927453	0.168238979	0.287657508	0.162301316	0.136628898	0.156182038	0.163677122	0.123745664	0.131653056	0.123555309	0.127083222	0.134396671	0.116091363	0.1229259	0.107790707	0.158627798	0.159303193	0.11136763	0.092657573	0.147065217	0.160507183	0.113840799	0.110883511	0.128027091	0.127094955	0.16694172	0.153681157	0.136342567	0.1311316	0.204791412	0.158925553	0.163422901	0.165519981	0.156397445	0.19066984	0.175159879	0.133927535	0.128559836	0.155631557	0.151016729	0.177976211	0.177101539	0.194586709	0.217169455	0.208108825	0.238433892	0.160019889	0.195687793	0.180733878	0.104721613	0.213041331	0.110433753	0.132154699	0.150547323	0.130406775	0.164660518	0.16318081	0.148813749	0.131280546	0.219261501	0.217969422	0.286430749	0.230820302	0.213309837	0.194624329	0.166588561	0.208526208	0.220868795	0.216878939	0.171563284	0.148921149	0.165748988	0.181017879	0.192714719	0.181097265	0.143583774	0.172143127	0.12879389	0.159078521	0.206820897	0.17082857	0.156635269	0.170457213	0.175864669	0.156089394	0.189731752	0.17553956	0.162570463	0.187602545	0.244999724	0.215527097	0.335494707	0.251840916	0.317137509	0.186660723	0.266599559	0.241616848	0.156191364	0.220842365	0.194139504	0.207472674	0.23789584	0.237281885	0.278047329	0.241721011	0.252417495	0.219590222	0.222383895	0.132978523	0.195542516	0.132310348	0.138156329	0.174120047	0.097546502	0.137269778	0.143923219	0.125892905	0.146433033	0.16034552	0.218457604	0.123627454	0.147289549	0.154518475	0.156283527	0.190122754	0.163357811	0.187144323
18S_TGP_14_3	0.115220709	0.141723311	0.152240763	0.132840785	0.187711585	0.162892377	0.131300024	0.164051323	0.246799218	0.153939248	0.162098159	0.159061784	0.148562656	0.141916057	0.161803014	0.173512592	0.141654786	0.131284213	0.139608101	0.200884109	0.156114629	0.183783042	0.120393693	0.155115353	0.151441853	0.157754647	0.152929843	0.190931048	0.095389901	0.129889058	0.141742925	0.126272419	0.243655519	0.147367347	0.145715824	0.102276933	0.117594923	0.149332579	0.164423852	0.123038058	0.129744133	0.105364703	0.203777001	0.115240473	0.122494714	0.097299984	0.085674362	0	0.152883413	0.123264056	0.120307981	0.116450757	0.119012595	0.145151295	0.175139155	0.155004542	0.168321154	0.148703145	0.180833815	0.185272223	0.155128818	0.159252472	0.138077213	0.146459546	0.190247031	0.207213585	0.182388033	0.250692668	0.183969845	0.213338139	0.207123067	0.167810833	0.187671163	0.210130381	0.158295509	0.145703247	0.117487347	0.082259916	0.14160331	0.156736765	0.147695197	0.128395213	0.15129212	0.118023253	0.189994671	0.184732573	0.141692072	0.117958017	0.153895746	0.1762138	0.134765654	0.132851918	0.159895368	0.150141815	0.14665867	0.142528641	0.166095305	0.262860926	0.194290823	0.259961926	0.412366219	0.182750851	0.313896527	0.288838189	0.127688726	0.283975051	0.149104278	0.199935877	0.258443947	0.294526232	0.165479501	0.288219303	0.164863179	0.119661003	0.136973286	0.154213077	0.114915759	0.113498302	0.113517872	0.129056911	0.11544239	0.130093225	0.114703949	0.095446649	0.154156808	0.107329419	0.096339942	0.104738255	0.161579281	0.171307393	0.11200426	0.126070738	0.137608227	0.129204104	0.137021408	0.137121601	0.154419262	0.125525936	0.198363338	0.144976863	0.154929399	0.163101009	0.160154568	0.149111373	0.153480516	0.145051544	0.133483902	0.125149926	0.15421987	0.177815811	0.191611499	0.151494343	0.22907872	0.232202276	0.229645028	0.175128831	0.207577052	0.191202327	0.119773647	0.201353834	0.09847705	0.134065744	0.119068428	0.14666292	0.159104913	0.150670176	0.143387182	0.122856626	0.202912164	0.205735922	0.275226597	0.221736537	0.212237474	0.19371614	0.180648223	0.196754874	0.208480329	0.232288018	0.1638117	0.11081576	0.119043499	0.142083439	0.175178419	0.14975425	0.143495391	0.165057114	0.101918987	0.151107986	0.216370302	0.167583937	0.148192579	0.167631256	0.179085311	0.150362002	0.186089676	0.170357475	0.163155441	0.196825923	0.243971328	0.230492729	0.317432483	0.252375522	0.344392733	0.233753175	0.278454015	0.247324584	0.160429319	0.220063902	0.192295028	0.196235615	0.262351048	0.209995386	0.27553872	0.212362084	0.225973525	0.209117428	0.25571662	0.135872343	0.183459617	0.152457774	0.124179159	0.179369246	0.124755836	0.148325529	0.150385511	0.120497872	0.149756829	0.158455019	0.210521462	0.130241226	0.152475553	0.142520078	0.117336403	0.191442661	0.164936416	0.181597297
18S_TGP_14_4	0.153730605	0.176606289	0.151496939	0.186776231	0.105659812	0.13777435	0.190211281	0.167950067	0.283942869	0.203538348	0.19476732	0.194210957	0.181890146	0.187001498	0.198135607	0.177050431	0.196245443	0.177400905	0.157450417	0.208039016	0.188456253	0.214386534	0.189263329	0.152832437	0.194725744	0.175982937	0.191917572	0.099369551	0.158171042	0.165101199	0.18607748	0.156093578	0.139973341	0.171322425	0.137436062	0.132156592	0.09760134	0.183104765	0.133339264	0.156786257	0.171310938	0.171956119	0.121280564	0.113602706	0.1439152	0.133859084	0.14790556	0.152883413	0	0.08098767	0.173589875	0.115890984	0.109693552	0.121071552	0.215956468	0.188162463	0.195782299	0.197340785	0.217258526	0.116838078	0.21795389	0.209789523	0.182450822	0.186448412	0.219228409	0.243767985	0.173935602	0.215774476	0.224254846	0.200723741	0.231611234	0.201413281	0.222096777	0.121106477	0.195254834	0.181923942	0.18604427	0.140565659	0.181369447	0.120832712	0.151118393	0.137979016	0.144773807	0.161428592	0.160506879	0.213114685	0.187029549	0.169413403	0.153272645	0.114367952	0.179158114	0.133286393	0.143293946	0.161476867	0.113070263	0.12656105	0.07187769	0.150471057	0.107925518	0.160225273	0.308497746	0.078814415	0.212958777	0.19094014	0.107667745	0.189219935	0.117026825	0.090713047	0.169932867	0.188796265	0.075678729	0.165627168	0.105689791	0.14945168	0.213151093	0.189728831	0.16652283	0.167906427	0.137656851	0.17778453	0.179475464	0.184332707	0.156171104	0.137469765	0.127253924	0.180832305	0.139007858	0.131076952	0.130324844	0.201866366	0.134998579	0.154568187	0.166573023	0.134060136	0.180715623	0.178740328	0.140490952	0.156216615	0.188935249	0.183929743	0.144362785	0.188132929	0.182703337	0.218118479	0.194365454	0.133423618	0.178600545	0.182615005	0.189601145	0.224928147	0.220973352	0.224676482	0.262039991	0.272279445	0.265526588	0.206959517	0.23941924	0.223985161	0.14902266	0.178592381	0.14778009	0.140422401	0.157523336	0.156296517	0.153231803	0.204854618	0.189578744	0.164974614	0.248972069	0.243071106	0.312172882	0.257422895	0.245738069	0.227350787	0.212702656	0.235839316	0.240959785	0.262963867	0.195133599	0.190795884	0.199639879	0.210798213	0.179296021	0.217698631	0.164102997	0.211967051	0.174187808	0.201284519	0.176225332	0.16884341	0.149925124	0.155520212	0.143465067	0.151911503	0.159979833	0.15411896	0.131200558	0.160776699	0.174841614	0.246309416	0.230779076	0.210779376	0.242211621	0.233689954	0.165789707	0.169334617	0.145688969	0.151656845	0.204003008	0.268692535	0.307928305	0.175090678	0.243836703	0.272021284	0.201608331	0.184245501	0.250698234	0.167360099	0.21835472	0.200224953	0.18647368	0.127266669	0.169789572	0.163394248	0.120184491	0.152178865	0.161204536	0.194665326	0.237581634	0.15985456	0.195658756	0.177379172	0.191261205	0.236273256	0.18197504	0.217220853
18S_TGP_14_5	0.145579185	0.164587076	0.134994044	0.17496716	0.088821038	0.130429669	0.1820537	0.196683561	0.294090757	0.211678873	0.210492674	0.20253201	0.198994379	0.179445156	0.194062707	0.192521262	0.197504515	0.15149054	0.162295643	0.219999115	0.201875703	0.227045982	0.169986101	0.152506095	0.190271312	0.177618951	0.175590699	0.115373405	0.142718766	0.150743609	0.138705719	0.144477737	0.162749885	0.162745806	0.13457239	0.110475975	0.107059311	0.184581745	0.144415818	0.128823989	0.175969803	0.134612971	0.138709413	0.10669528	0.161160125	0.090104414	0.122433849	0.123264056	0.08098767	0	0.150392626	0.135011338	0.117012944	0.115194468	0.222260953	0.198462881	0.215653553	0.198274592	0.227921619	0.131913247	0.208598389	0.206873759	0.197832213	0.194475632	0.211844974	0.236142743	0.15495691	0.219529751	0.205053624	0.184233676	0.227405939	0.174487963	0.201095169	0.127905363	0.188507427	0.177675499	0.153617152	0.107002299	0.189986982	0.14250685	0.166223204	0.148759607	0.14876394	0.152093876	0.167949425	0.216617157	0.181242842	0.159453487	0.163350802	0.09980236	0.148864956	0.123743429	0.152433899	0.168635886	0.11525538	0.151100808	0.099637142	0.193952385	0.124254547	0.183181267	0.33679047	0.110227861	0.231830778	0.210334238	0.122205856	0.196371548	0.144224287	0.127480178	0.173859622	0.211580562	0.093334268	0.209565129	0.095278584	0.139229422	0.191032538	0.196785882	0.150362065	0.150819145	0.150800402	0.182826805	0.158442919	0.167787101	0.171126439	0.136948985	0.153030701	0.168525969	0.124585089	0.126883195	0.119503957	0.201977611	0.147285367	0.138866772	0.164143227	0.137870709	0.173868147	0.187476812	0.159292445	0.136635107	0.215439646	0.189800932	0.155190338	0.199279306	0.193872655	0.209333582	0.193585829	0.143089813	0.14692395	0.165488157	0.188410437	0.198602315	0.220660262	0.203518119	0.257139014	0.256671065	0.275303842	0.203628699	0.235829687	0.208605964	0.142388241	0.18526569	0.139709283	0.141718766	0.162435972	0.160484584	0.161319063	0.202001532	0.201505111	0.16799759	0.237053895	0.24826185	0.320699618	0.267984123	0.252476142	0.229527349	0.19987228	0.242857604	0.24753796	0.261620666	0.210218992	0.177461077	0.192633055	0.208980795	0.186069916	0.201673552	0.173347375	0.217736854	0.166038054	0.209378467	0.202979326	0.183028746	0.152866657	0.171849549	0.167777423	0.154701909	0.172598892	0.157361973	0.155701772	0.18416439	0.196474146	0.246213984	0.256744709	0.215406958	0.248672374	0.21545913	0.193496466	0.179370002	0.115857752	0.140871294	0.200806564	0.239237724	0.300854537	0.166518665	0.252363439	0.255997169	0.17620335	0.169197925	0.247704527	0.172982416	0.235445182	0.181288154	0.184392005	0.137863587	0.146759796	0.16680102	0.135082075	0.163582692	0.179995949	0.204842261	0.256682849	0.15874001	0.196540078	0.190508571	0.191772979	0.230945985	0.201691684	0.232913648
18S_TGP_14_6	0.152854111	0.202069387	0.187592986	0.175284128	0.194167427	0.201176351	0.154191964	0.161277334	0.260120319	0.184519479	0.168801547	0.166441216	0.14010232	0.146190283	0.114535806	0.1372365	0.167538606	0.101492659	0.134031268	0.204637883	0.164682079	0.187198964	0.137031021	0.166640411	0.15631084	0.144472718	0.142263481	0.199730744	0.117146657	0.101297883	0.136790113	0.155660533	0.250505679	0.116763881	0.158430241	0.126484831	0.144221495	0.159934757	0.171227255	0.141797718	0.12018058	0.125866251	0.195205268	0.118771942	0.134198726	0.095436017	0.089369576	0.120307981	0.173589875	0.150392626	0	0.120805485	0.148692281	0.165206543	0.191055942	0.165833373	0.183677946	0.161701361	0.197702738	0.199788888	0.183469572	0.17964191	0.172000125	0.185532516	0.155206781	0.224844133	0.168115095	0.2749859	0.156197567	0.18304714	0.195909607	0.145634679	0.164481596	0.221592159	0.107160692	0.188071413	0.160283608	0.104720953	0.166864604	0.15165414	0.095422301	0.14849503	0.188512872	0.116621602	0.162812541	0.182550135	0.151363185	0.111605251	0.10637653	0.149550154	0.090925042	0.101292909	0.15917113	0.138239517	0.138599875	0.156321109	0.181069501	0.26742603	0.205444999	0.283170624	0.415994773	0.188347473	0.339886398	0.301655633	0.158263762	0.304665599	0.152100888	0.224552767	0.287488396	0.317640656	0.192749264	0.290004474	0.185070054	0.172408907	0.187289358	0.186099294	0.138613183	0.144330923	0.132160615	0.141194329	0.1709131	0.135463992	0.142412222	0.124572568	0.152102909	0.170394945	0.133658905	0.122055628	0.175516308	0.132605089	0.129219826	0.115752618	0.142340211	0.129472988	0.166384528	0.148487235	0.127032181	0.127665914	0.192991405	0.164683041	0.159757222	0.177014796	0.154332017	0.181139876	0.171386606	0.118814415	0.131774559	0.161315893	0.124873458	0.15048723	0.1658642	0.187723706	0.202385403	0.194076809	0.233110046	0.130170833	0.163191958	0.157772306	0.110098901	0.204302934	0.117643086	0.142116232	0.137599806	0.129206494	0.161763085	0.193586169	0.178063239	0.134207896	0.222667055	0.216205546	0.277627443	0.232187005	0.206010273	0.183663714	0.179769102	0.198256224	0.207253492	0.202008819	0.172559256	0.159298127	0.148328316	0.163725438	0.170002137	0.160345707	0.166404086	0.192204115	0.135896949	0.182959894	0.186546548	0.146183157	0.158469603	0.174886851	0.178894194	0.178115295	0.199372903	0.180834621	0.162160303	0.193138805	0.251088901	0.218181976	0.32764615	0.26420855	0.306632279	0.212748082	0.263546151	0.245171678	0.170955764	0.233596836	0.194130989	0.212199174	0.257475501	0.250071822	0.292983601	0.241315831	0.265978992	0.229546153	0.250346134	0.155086162	0.204391788	0.136793193	0.148597775	0.192273583	0.102984086	0.162115404	0.161031482	0.156407742	0.151217729	0.172623508	0.210132111	0.121386895	0.160729349	0.163174338	0.154807791	0.194995041	0.157464377	0.198197877
18S_TGP_14_7	0.137795494	0.1515479	0.136110539	0.143352596	0.163007441	0.13768435	0.134701376	0.144029269	0.252953998	0.158353098	0.147880817	0.155787528	0.144876477	0.165281407	0.156122968	0.149951195	0.144222595	0.169264693	0.144110311	0.21666814	0.177848046	0.176535268	0.128340521	0.114499216	0.167178984	0.157227405	0.150454255	0.177970627	0.0997767	0.136257789	0.167589892	0.090210045	0.204592606	0.141722813	0.14786298	0.113200766	0.093472625	0.164716645	0.169458798	0.131666359	0.123800612	0.146139319	0.131820684	0.057056347	0.107882838	0.108608575	0.119433156	0.116450757	0.115890984	0.135011338	0.120805485	0	0.108472583	0.103010562	0.174642754	0.150017787	0.167625034	0.15988564	0.175190959	0.141430625	0.1588887	0.153034235	0.133361577	0.179042278	0.206553565	0.22587917	0.151119112	0.224144542	0.199034247	0.186932144	0.217441023	0.174141747	0.200833384	0.179969236	0.17182705	0.189130152	0.157396373	0.125898527	0.172693263	0.119346118	0.154024597	0.123022154	0.153549521	0.139745262	0.194466574	0.185442856	0.153403259	0.149664696	0.160951448	0.158941461	0.136903651	0.154261823	0.164592816	0.136454142	0.105793754	0.170047385	0.14577581	0.227834703	0.172554349	0.235571004	0.373862171	0.155112591	0.2951007	0.264012355	0.140885762	0.267320408	0.164058544	0.170216799	0.24331277	0.268648626	0.145145989	0.24893761	0.1478369	0.103864425	0.168178872	0.157892175	0.133564843	0.133604836	0.068747891	0.118836712	0.137323459	0.150979257	0.127171185	0.093812909	0.166726572	0.142850171	0.099452044	0.09519003	0.146067862	0.166867236	0.128322693	0.140304677	0.16952165	0.158376364	0.18401829	0.15221624	0.14938762	0.166361536	0.198192815	0.166370164	0.169093996	0.173791966	0.162905895	0.195359485	0.170061257	0.147098191	0.161460697	0.179713527	0.173652729	0.20712893	0.20737446	0.197536066	0.239336034	0.235375743	0.224221799	0.175261036	0.212315532	0.208824048	0.13575802	0.222740902	0.1255252	0.158093785	0.158398854	0.163534723	0.17668725	0.198203594	0.167805179	0.151121392	0.219650545	0.218323011	0.279227371	0.22450372	0.210938659	0.193988706	0.190384898	0.199093855	0.213968125	0.235822355	0.174196952	0.17095383	0.160029472	0.176906298	0.189022039	0.179509506	0.164315434	0.184948542	0.162486521	0.158752809	0.210608675	0.171045991	0.176849295	0.197820313	0.193582724	0.193676811	0.218406807	0.190453935	0.175000068	0.212667032	0.203891287	0.224618168	0.285589053	0.225273342	0.302924903	0.203794327	0.239201576	0.208713929	0.142410252	0.189752381	0.21075125	0.229885718	0.266658799	0.203273417	0.240523838	0.244614	0.224739336	0.215473181	0.218954286	0.155834066	0.200044065	0.166514388	0.14137543	0.16639195	0.137630552	0.140036382	0.164582808	0.131698061	0.160839768	0.151835097	0.202005106	0.154567744	0.159687391	0.136433335	0.173753218	0.175991761	0.147787022	0.206122378
18S_TGP_14_8	0.102530313	0.12089785	0.098730415	0.151979781	0.143737094	0.093017268	0.159640741	0.123549096	0.226828161	0.160356912	0.16442085	0.162697583	0.126170712	0.140399924	0.161797136	0.15437819	0.161121905	0.13726301	0.138982984	0.163953029	0.15352135	0.163069357	0.14683497	0.120435624	0.148335023	0.150582306	0.141733319	0.171151172	0.132781097	0.163747655	0.175434098	0.124302641	0.198039147	0.173973608	0.150300628	0.115902511	0.088132271	0.138271981	0.153469782	0.11428773	0.169074761	0.145929724	0.167559865	0.10565817	0.147314462	0.111564834	0.124924819	0.119012595	0.109693552	0.117012944	0.148692281	0.108472583	0	0.133789074	0.18226984	0.150738626	0.164825676	0.144280489	0.182610258	0.131664305	0.17798408	0.173983313	0.162058758	0.15704414	0.162599653	0.180647126	0.135042026	0.168854024	0.166169442	0.147755249	0.173597913	0.144496106	0.164489538	0.1313071	0.177302325	0.158549719	0.146206541	0.110032904	0.135605827	0.088905429	0.140976901	0.092431133	0.090585563	0.105544314	0.180612644	0.155426931	0.103230278	0.120883616	0.116404396	0.143308739	0.155630048	0.137630371	0.14597284	0.114092037	0.106581808	0.118850943	0.09449037	0.201963791	0.141573845	0.206122447	0.357599113	0.114003117	0.260750317	0.230966275	0.078284003	0.233170681	0.119655729	0.139386354	0.209775276	0.245369826	0.1009168	0.237362931	0.106338788	0.104131215	0.173866126	0.163232437	0.144725843	0.136149772	0.125394639	0.167558105	0.143230911	0.164415931	0.133364563	0.11015208	0.158356544	0.153751937	0.107158426	0.114715998	0.132742082	0.165086782	0.104873	0.126920363	0.1277785	0.111104028	0.118514233	0.134079945	0.129912665	0.126517113	0.144820951	0.134820238	0.134269698	0.130583466	0.132774038	0.138569694	0.137947633	0.116824886	0.111275457	0.126900652	0.144242592	0.172013775	0.171481726	0.144923292	0.200232866	0.214700863	0.188695534	0.146370666	0.18196886	0.167876169	0.140078951	0.174291572	0.104789902	0.117502777	0.099435967	0.134549103	0.129617863	0.139836562	0.159885413	0.114774324	0.17379072	0.165677512	0.235015283	0.18157109	0.176242054	0.164325931	0.161523476	0.17105648	0.172184945	0.205071094	0.13059784	0.136218202	0.141113367	0.132142459	0.135300318	0.137516495	0.151234131	0.134937736	0.1347988	0.128000928	0.192220948	0.139512368	0.136093849	0.17087725	0.159491853	0.159639514	0.178614828	0.145068092	0.145613017	0.184254996	0.161820167	0.200728768	0.252393987	0.157774876	0.286401789	0.194390994	0.204165024	0.182128289	0.084306792	0.150136182	0.166552003	0.183686987	0.232847521	0.153509728	0.190930924	0.186549529	0.198469408	0.144573904	0.178720479	0.149899096	0.153645608	0.163156967	0.157527058	0.156382	0.12748258	0.11342489	0.137715588	0.112094483	0.153854171	0.165546115	0.191072752	0.149618888	0.161338034	0.143166116	0.130669778	0.180375368	0.13254622	0.153142358
18S_TGP_14_9	0.168721789	0.164412267	0.131708989	0.200863704	0.1337704	0.131326197	0.190430123	0.209559702	0.303367622	0.229970427	0.224515573	0.243559108	0.186635385	0.229850423	0.242159743	0.231534462	0.218413505	0.198149743	0.218079697	0.229775626	0.239222576	0.242489339	0.195777339	0.168637275	0.23807574	0.217345249	0.229388227	0.202854492	0.159919388	0.164268871	0.176501155	0.138259924	0.193324138	0.180087803	0.195402204	0.140797285	0.129866165	0.212932463	0.218338377	0.160709107	0.190463318	0.194252292	0.169791631	0.123559418	0.178395507	0.101588414	0.154120472	0.145151295	0.121071552	0.115194468	0.165206543	0.103010562	0.133789074	0	0.242477071	0.229965661	0.222185725	0.21591292	0.249986996	0.165117193	0.226547206	0.226919508	0.208406888	0.220312574	0.250426157	0.258511453	0.160217055	0.220154581	0.24411143	0.225109217	0.264456505	0.205923786	0.231383426	0.183910769	0.228127062	0.154558702	0.130469563	0.165957963	0.23146273	0.164031352	0.207360695	0.180895653	0.144223821	0.195379443	0.232946607	0.23033957	0.20161633	0.198342446	0.206951666	0.185379356	0.176389531	0.203312447	0.182574362	0.20374715	0.150230966	0.218559945	0.138719634	0.226862239	0.187526019	0.243396432	0.373848143	0.174057459	0.273289416	0.250337911	0.152547581	0.209204804	0.195985727	0.164894577	0.199556113	0.251469034	0.124856587	0.26303195	0.125482703	0.122144161	0.182555796	0.210939137	0.178630528	0.159262718	0.153392156	0.201678675	0.160015133	0.22109199	0.208684369	0.126270222	0.199029104	0.139846617	0.107546617	0.156547887	0.151502681	0.234036546	0.191182355	0.181868059	0.215680261	0.180901914	0.160811375	0.214837297	0.202122375	0.150937519	0.238262407	0.228101673	0.205875501	0.219259277	0.227818691	0.214594603	0.207768818	0.196713272	0.143069694	0.182360954	0.233616268	0.205189747	0.263430696	0.188731189	0.293497593	0.285296652	0.285601406	0.244045595	0.275906008	0.237827881	0.195897599	0.231664793	0.170004989	0.199217739	0.182750201	0.211333692	0.213208342	0.224241015	0.21518088	0.19264687	0.218968861	0.260741458	0.325181465	0.272261911	0.273584061	0.262390112	0.25282845	0.26671039	0.265701118	0.298813131	0.232984094	0.203684216	0.199795929	0.217441815	0.220578793	0.221316501	0.20444287	0.241273936	0.204083643	0.231378093	0.259467222	0.214866894	0.200539985	0.242190825	0.22700979	0.216918388	0.240476227	0.186970549	0.216037782	0.255286238	0.205688672	0.280703873	0.286586414	0.246429835	0.314757613	0.237799499	0.252915982	0.21917121	0.127671589	0.170771623	0.235575824	0.207474128	0.293438968	0.144514728	0.253555043	0.23407492	0.157379604	0.199925838	0.241751227	0.200008159	0.254050467	0.230497629	0.210908282	0.199314023	0.190981229	0.18551341	0.202907898	0.192034831	0.215292623	0.223206347	0.275820563	0.207967614	0.245188647	0.210011694	0.222389051	0.246818219	0.211498123	0.25719816
18S_TGP_15_1	0.151173564	0.151026811	0.178978442	0.075018139	0.242708671	0.178239411	0.153712454	0.132893141	0.184802272	0.112263426	0.069827346	0.111857367	0.171718283	0.123841516	0.142713387	0.144450971	0.082781692	0.173294427	0.14499167	0.208129685	0.15414009	0.15434661	0.115832733	0.124714376	0.116198471	0.173399505	0.160295938	0.240841863	0.150795655	0.198962792	0.201843319	0.139215232	0.293434641	0.201099851	0.189060608	0.152251655	0.173945009	0.081895548	0.211194539	0.192164659	0.139409477	0.112465671	0.245894353	0.168267058	0.119707156	0.203114053	0.182863578	0.175139155	0.215956468	0.222260953	0.191055942	0.174642754	0.18226984	0.242477071	0	0.062347689	0.065246776	0.160281638	0.06003819	0.125851767	0.115924689	0.059135893	0.100936426	0.102368616	0.210691789	0.214967377	0.236315895	0.277020263	0.220553991	0.247676996	0.235536896	0.214254041	0.228816534	0.256026339	0.168560697	0.213732549	0.226068438	0.174463417	0.145659542	0.185436048	0.16816501	0.164283965	0.226321025	0.156750419	0.209477095	0.190817246	0.155303925	0.167781653	0.181107416	0.232892292	0.18128482	0.16030607	0.201609746	0.165408871	0.177262244	0.174332775	0.204284664	0.298025245	0.254655524	0.294364447	0.424984068	0.227004702	0.362330357	0.327745128	0.180457439	0.335070054	0.16956308	0.231118703	0.308526098	0.328526276	0.204423548	0.317269402	0.204172766	0.155013073	0.135850445	0.102366933	0.133089498	0.141039974	0.158387764	0.114270426	0.138129822	0.130062891	0.1124501	0.162396142	0.214033221	0.188499467	0.168786954	0.140068039	0.201025608	0.156178887	0.14732729	0.180092364	0.149495704	0.153780015	0.169950039	0.153957342	0.169617859	0.188222823	0.195049749	0.15338268	0.179102178	0.148454587	0.14199282	0.177540523	0.174247956	0.167773002	0.190679725	0.158326736	0.170378534	0.192975783	0.180754519	0.186650005	0.201410903	0.21621959	0.178938421	0.147613567	0.193275127	0.192711329	0.146336211	0.233872893	0.151426255	0.168066461	0.158098124	0.169211913	0.192912082	0.150630761	0.146625473	0.150120031	0.187059164	0.1820081	0.230916157	0.173503551	0.175944722	0.158785495	0.178390531	0.159045927	0.175042258	0.194147947	0.119561843	0.140034932	0.124972887	0.140853359	0.185124956	0.186889451	0.144983221	0.128626438	0.13539996	0.105531304	0.188123377	0.170680406	0.152296267	0.173640715	0.164039026	0.174077518	0.201466539	0.174956344	0.184344564	0.203791672	0.252387378	0.243518067	0.364888393	0.267699941	0.369748329	0.262089702	0.293887669	0.27275694	0.225506693	0.25754668	0.199765594	0.213294148	0.255568657	0.267660588	0.279340703	0.215804142	0.294029939	0.253452087	0.271148779	0.099381374	0.131762293	0.131386063	0.103133034	0.200974842	0.147393537	0.12346268	0.184517865	0.117233748	0.100665587	0.074028855	0.1658638	0.153932828	0.110635697	0.085988656	0.163511759	0.147760812	0.08452292	0.165663204
18S_TGP_15_10	0.119749865	0.135347124	0.155096919	0.069388705	0.219752991	0.158079907	0.136557884	0.100110431	0.182349526	0.095869355	0.054981281	0.08390304	0.146543244	0.109904469	0.11808405	0.106713942	0.077810971	0.140426589	0.107198638	0.185810469	0.118241005	0.123856554	0.101264339	0.116253709	0.090691591	0.141812999	0.118065501	0.213667652	0.141156637	0.177813035	0.17957075	0.128051848	0.278409235	0.179274211	0.165170752	0.130529596	0.153034152	0.077306494	0.179188273	0.160790837	0.120954619	0.101880787	0.221171658	0.152361472	0.099422062	0.180812062	0.16195059	0.155004542	0.188162463	0.198462881	0.165833373	0.150017787	0.150738626	0.229965661	0.062347689	0	0.073246086	0.132891364	0.056813984	0.119996855	0.107967027	0.072647851	0.086203436	0.083769635	0.181307181	0.197258798	0.208292804	0.252444227	0.187421258	0.212630457	0.207334903	0.185309289	0.196086653	0.217692694	0.148374758	0.200372885	0.214696149	0.137942327	0.11797099	0.145486071	0.132352378	0.126032137	0.201031368	0.12103383	0.166288636	0.159863895	0.12662699	0.132720659	0.137481027	0.194528879	0.158694261	0.129440478	0.173793507	0.134459852	0.154318103	0.133131948	0.170905867	0.283615574	0.218795438	0.271355629	0.413152357	0.186584353	0.348756676	0.313313003	0.15278283	0.320499148	0.146510803	0.215875231	0.293578846	0.311458889	0.192853562	0.290693153	0.189649261	0.140433208	0.142920568	0.09521394	0.114420365	0.115403494	0.1381688	0.10062219	0.126562881	0.109153336	0.080442172	0.141355438	0.191336616	0.177714341	0.15182826	0.114963024	0.179603913	0.137115966	0.106705831	0.141508608	0.115067932	0.111230889	0.141488101	0.125134367	0.129399451	0.150397804	0.160131378	0.131642229	0.136530209	0.110572274	0.101248937	0.160199265	0.141004761	0.127896031	0.152459478	0.121182086	0.136957131	0.17880451	0.162914525	0.159577032	0.183117143	0.197812109	0.163405425	0.114431527	0.167938279	0.173475845	0.111531165	0.192262825	0.116043926	0.140678892	0.124597818	0.12842349	0.153182	0.135397148	0.142627232	0.119569824	0.17695357	0.148576442	0.219722993	0.161078841	0.157874803	0.133508735	0.135044492	0.136158577	0.152267861	0.171632495	0.090753039	0.1196314	0.104987082	0.122644326	0.156154776	0.1555096	0.131045909	0.112972497	0.120151079	0.085909608	0.158497605	0.138317112	0.129966188	0.147575883	0.138547164	0.15503068	0.176689488	0.141672925	0.144674956	0.169131319	0.233240572	0.213983547	0.343317915	0.245399224	0.341896603	0.231977325	0.263881348	0.24232997	0.187168024	0.237779447	0.171789559	0.206658812	0.243397899	0.246802916	0.261528064	0.208884032	0.285685267	0.228456779	0.244533416	0.094300485	0.111992131	0.103698201	0.097552891	0.180299778	0.113347626	0.09726027	0.149389815	0.076440372	0.085298522	0.07556187	0.142158384	0.12947947	0.087519019	0.064339228	0.131656033	0.132332769	0.064446418	0.138008016
18S_TGP_15_2	0.127489797	0.13565923	0.163284714	0.087940279	0.237134604	0.162328716	0.151843308	0.117368634	0.172742283	0.096256263	0.075781385	0.110854283	0.140055337	0.112517678	0.133098167	0.14457804	0.084956086	0.14962225	0.137730921	0.183885148	0.135319468	0.14513807	0.115807248	0.124854762	0.094463685	0.151282459	0.157535788	0.235085578	0.140692962	0.188819503	0.192806065	0.123359177	0.273283302	0.188148023	0.183628017	0.131754091	0.150823995	0.075824287	0.200620756	0.177238533	0.127973953	0.111030299	0.254102447	0.157301287	0.092377579	0.193106825	0.176328632	0.168321154	0.195782299	0.215653553	0.183677946	0.167625034	0.164825676	0.222185725	0.065246776	0.073246086	0	0.149876408	0.069179024	0.125692258	0.111207256	0.06941052	0.10749146	0.072392752	0.198217811	0.195613819	0.219103081	0.265854605	0.20515405	0.23458132	0.22093513	0.195320567	0.215807819	0.234040122	0.140729096	0.203184732	0.220329284	0.157125239	0.110936352	0.148665619	0.135567143	0.142656703	0.205011188	0.131520725	0.187473962	0.172924139	0.142758291	0.14231286	0.15669189	0.21220289	0.165156939	0.152083999	0.177993838	0.132787764	0.156323625	0.14695046	0.183696014	0.287553073	0.241250548	0.294500293	0.431131229	0.207508899	0.353437232	0.306886699	0.147370441	0.327823312	0.152162361	0.208434609	0.286497699	0.304795139	0.183635378	0.300660662	0.193887244	0.156243939	0.128855952	0.099333348	0.139995408	0.137449601	0.155406496	0.119374792	0.134834444	0.134238962	0.109060086	0.157965155	0.199827441	0.170079065	0.147558759	0.140782073	0.196427092	0.130978728	0.129632921	0.153214285	0.128492514	0.133363684	0.147611703	0.120814389	0.133792901	0.162746832	0.169290218	0.126100808	0.16184101	0.123195355	0.134576197	0.150633027	0.14771311	0.147552988	0.171370812	0.147479279	0.1534929	0.179353397	0.164649248	0.16991418	0.20311163	0.209832154	0.177687982	0.13922877	0.178799166	0.174674175	0.126637257	0.213070251	0.122376185	0.148399834	0.138527912	0.141118267	0.165270355	0.123921261	0.129712705	0.127727953	0.170080985	0.170518288	0.217147398	0.164799964	0.166729675	0.149618094	0.179754812	0.15492172	0.176538778	0.201731419	0.110967189	0.127347373	0.111283096	0.107606012	0.168176789	0.16987618	0.144342026	0.114451032	0.12347836	0.102422206	0.188674533	0.158824089	0.142285876	0.172642679	0.159560504	0.168509402	0.186265431	0.160625932	0.155585684	0.189186874	0.239038479	0.235688293	0.34434411	0.250959993	0.363962792	0.252494703	0.284972135	0.266367422	0.20552467	0.240379592	0.188272246	0.191584167	0.236562046	0.244445327	0.268191651	0.1944057	0.286314653	0.231607222	0.255214752	0.087329449	0.112900163	0.121089599	0.103052886	0.194212862	0.1254997	0.108052154	0.165288418	0.100719537	0.084201509	0.087300778	0.163700313	0.149444543	0.108817838	0.08193079	0.141028056	0.136410986	0.075534255	0.146065004
18S_TGP_15_3	0.124206732	0.137956432	0.150954586	0.133915055	0.237292627	0.161060847	0.096354684	0.114140559	0.178494997	0.121069102	0.137882926	0.132425273	0.122581044	0.131981992	0.139596516	0.136133792	0.118962383	0.156367526	0.140252407	0.146183426	0.143157616	0.110484182	0.100089942	0.165466538	0.12567688	0.112110836	0.127598384	0.228923875	0.135648047	0.181570024	0.178378965	0.124355336	0.264053919	0.175317943	0.183455038	0.13867308	0.146388137	0.136163785	0.160087778	0.094700247	0.131867849	0.156857188	0.227254409	0.158091463	0.140295358	0.172738645	0.130171313	0.148703145	0.197340785	0.198274592	0.161701361	0.15988564	0.144280489	0.21591292	0.160281638	0.132891364	0.149876408	0	0.147485447	0.181061167	0.130353702	0.146827762	0.129382181	0.156894129	0.192497585	0.180646869	0.199176414	0.246562335	0.189988418	0.196794763	0.212840152	0.166755063	0.180251858	0.198094009	0.155321884	0.19507327	0.202974094	0.122468142	0.131892298	0.167519464	0.161057467	0.105257964	0.161203804	0.117740854	0.202179941	0.145318821	0.11939443	0.153083522	0.158149156	0.219375852	0.178860259	0.162812396	0.169822248	0.154373703	0.189053149	0.149657807	0.184646705	0.278614955	0.218595088	0.299539907	0.441490006	0.202916953	0.34592439	0.314880824	0.149815441	0.323894685	0.161858428	0.224452878	0.292249779	0.323197079	0.186819464	0.317513536	0.192240171	0.147397355	0.16003169	0.162312824	0.148414492	0.140060103	0.157531828	0.140836642	0.133082594	0.147195185	0.114281898	0.137386154	0.203272224	0.176081103	0.164295678	0.123870423	0.153353843	0.15926394	0.099203986	0.144046195	0.139503808	0.145154735	0.153893662	0.13890052	0.151312972	0.168784463	0.15563609	0.145999104	0.171500847	0.107933003	0.134804128	0.134256955	0.131241605	0.141493453	0.135631799	0.142244568	0.145245008	0.21162048	0.193724157	0.179459974	0.21391463	0.207709232	0.169136265	0.167666459	0.198912556	0.167678063	0.152443178	0.221918723	0.116648254	0.129047924	0.15201483	0.147805821	0.137877252	0.111596464	0.151630907	0.115698935	0.151290235	0.158695446	0.212462808	0.157379219	0.185264596	0.169797334	0.167511853	0.18127347	0.181083719	0.215440178	0.110870801	0.130851765	0.147256855	0.138257845	0.158813322	0.137854503	0.138635015	0.13070856	0.146402845	0.110062501	0.216337085	0.172531056	0.167932773	0.181526117	0.191193057	0.168502633	0.190071268	0.172304005	0.164396556	0.205461368	0.215040668	0.20372484	0.31389231	0.225203517	0.353438223	0.202398712	0.289182637	0.226295224	0.163363699	0.202878284	0.154013462	0.158356596	0.205290752	0.223861241	0.254407688	0.191877151	0.28257877	0.209415976	0.196628756	0.14171779	0.116459094	0.141794806	0.139892673	0.195327709	0.146833946	0.115903664	0.164471307	0.123305583	0.165259291	0.137539226	0.147805138	0.162343954	0.139531406	0.117617075	0.127210177	0.105929817	0.137909071	0.149162434
18S_TGP_15_4	0.150155628	0.142589821	0.169975006	0.081555074	0.246865362	0.17346094	0.13594482	0.120660872	0.180948746	0.071136428	0.051042254	0.075839785	0.171156775	0.126033014	0.137806491	0.128711923	0.05988575	0.17146557	0.13846435	0.206205133	0.150384622	0.147943469	0.100864187	0.125252183	0.115866809	0.175265327	0.155449506	0.243557184	0.155490684	0.207080282	0.207182272	0.135117631	0.296455531	0.207455171	0.190411346	0.158114314	0.167156879	0.096208279	0.211855436	0.191998856	0.14539375	0.114663453	0.241575067	0.177534362	0.11568863	0.208669842	0.188497962	0.180833815	0.217258526	0.227921619	0.197702738	0.175190959	0.182610258	0.249986996	0.06003819	0.056813984	0.069179024	0.147485447	0	0.125537855	0.071912393	0.055342474	0.062824082	0.096122302	0.213466729	0.217900694	0.242878703	0.278749015	0.223002579	0.252059132	0.237489536	0.216963775	0.231050732	0.262279648	0.168888194	0.215882479	0.228070865	0.169568398	0.140244587	0.182766406	0.169551886	0.158845439	0.216529874	0.156291683	0.207034299	0.187779517	0.15864222	0.165838143	0.179914947	0.233287938	0.190752395	0.16290371	0.203087906	0.164755843	0.184481902	0.168885384	0.202625822	0.29382587	0.257257856	0.300090368	0.428084012	0.22601632	0.362611373	0.328657846	0.171782013	0.340830076	0.174179449	0.235032751	0.306245393	0.330301767	0.202769025	0.322320237	0.208314892	0.150704167	0.138828316	0.101154502	0.134704705	0.136334637	0.151371922	0.099838614	0.123160601	0.124868259	0.104241163	0.16844638	0.219484841	0.190985507	0.174308954	0.145214324	0.192490089	0.162751948	0.145791319	0.182476108	0.150402908	0.156729626	0.167210251	0.153072649	0.168601152	0.189760344	0.197946931	0.156164632	0.181450177	0.137506986	0.145825964	0.172229082	0.175434631	0.17041116	0.19718973	0.161998677	0.177007742	0.199073064	0.182368547	0.18858812	0.217115503	0.218713917	0.176656297	0.142536871	0.194254301	0.193785062	0.14798352	0.232626267	0.153712239	0.165825202	0.157155059	0.169927527	0.192926631	0.141958885	0.152240279	0.152452528	0.183781324	0.180424686	0.221878572	0.169710895	0.182605804	0.153022151	0.177470542	0.158860929	0.18947615	0.206412365	0.113987486	0.145292844	0.118254747	0.134115135	0.178585788	0.188549325	0.154640374	0.127094928	0.145412787	0.103476239	0.189753675	0.175443605	0.15770106	0.181700193	0.171069115	0.185407643	0.205348248	0.181329632	0.186474741	0.202105867	0.250680617	0.241116562	0.361271046	0.262327739	0.37071038	0.262281303	0.298939126	0.274154697	0.230622298	0.256163358	0.209154466	0.213833042	0.247180446	0.263868686	0.276470023	0.214544867	0.300393827	0.249436708	0.263889607	0.106759981	0.127336157	0.137406393	0.11166372	0.204409933	0.149309665	0.113241479	0.18968045	0.115511506	0.106990294	0.069154862	0.162806929	0.160468328	0.099283433	0.071702587	0.163217523	0.120621035	0.081190228	0.158123516
18S_TGP_15_5	0.16082792	0.132543661	0.143308026	0.140870488	0.151025601	0.116456668	0.157223227	0.140481831	0.243106079	0.158086168	0.122053251	0.172571185	0.191171024	0.172564648	0.190341902	0.176111006	0.135753611	0.213488445	0.148165915	0.212994078	0.176665135	0.184257142	0.164080835	0.072720387	0.154482537	0.17310827	0.179606789	0.137357099	0.175057634	0.204908595	0.20836811	0.123110516	0.18925194	0.197163157	0.140634215	0.155097682	0.108100341	0.121758589	0.1709607	0.174095484	0.170516507	0.164291341	0.156116595	0.138579251	0.157106643	0.171245791	0.177261343	0.185272223	0.116838078	0.131913247	0.199788888	0.141430625	0.131664305	0.165117193	0.125851767	0.119996855	0.125692258	0.181061167	0.125537855	0	0.149917059	0.135523614	0.125006661	0.148600156	0.241488393	0.262365059	0.199325939	0.214561944	0.246498574	0.21029255	0.251722108	0.224968726	0.243980776	0.168078679	0.206077342	0.204428418	0.207711718	0.171100961	0.191648202	0.147127769	0.186227731	0.134272248	0.165958152	0.184894258	0.205313337	0.209750725	0.173984498	0.199097936	0.187893272	0.16417887	0.199552816	0.147482101	0.186987526	0.170186766	0.124441512	0.15349026	0.107497697	0.195353652	0.165268184	0.202090862	0.336121632	0.134466004	0.267305259	0.233921076	0.131956508	0.237094892	0.157018524	0.133365413	0.216499933	0.24058187	0.105727575	0.222295771	0.126787215	0.142893733	0.189454159	0.161153707	0.17912302	0.175368229	0.156727415	0.167656902	0.172674524	0.179531702	0.150932422	0.155203903	0.207459599	0.195161321	0.167187001	0.145746026	0.158922466	0.214418576	0.1505213	0.190930453	0.181511534	0.171525018	0.196102175	0.196382651	0.17062718	0.193922352	0.200533354	0.214815824	0.183966627	0.183085052	0.190650301	0.227719521	0.218337788	0.16620156	0.201786065	0.208440223	0.217750625	0.256046054	0.232719211	0.243962995	0.272165054	0.277389103	0.246821536	0.207464211	0.244696183	0.250498084	0.166831708	0.231516878	0.169323045	0.14125042	0.163186136	0.181400531	0.175364513	0.196560136	0.1868289	0.162468431	0.248252512	0.231195917	0.290553792	0.236901262	0.24024584	0.216296617	0.202479835	0.221729985	0.227779113	0.263244123	0.155895147	0.183263641	0.166599804	0.18945103	0.182573253	0.222918485	0.160308	0.172299682	0.193344788	0.163872447	0.196446903	0.183291963	0.159773793	0.180564236	0.173044597	0.179155511	0.201922998	0.184631456	0.181411103	0.196598285	0.174993386	0.247473181	0.276787818	0.213702457	0.280613678	0.235021891	0.208529572	0.18594931	0.169043451	0.180872082	0.237011215	0.26975995	0.291783039	0.185812264	0.230529202	0.27410296	0.212804509	0.2200473	0.237225337	0.109466153	0.167539047	0.189020764	0.15059958	0.135037467	0.183488356	0.102425491	0.159530513	0.127572442	0.119302219	0.099875323	0.215326923	0.175031925	0.159976069	0.118498358	0.192811702	0.189534275	0.10425843	0.197899397
18S_TGP_15_6	0.136076145	0.130028628	0.164697463	0.116089037	0.239779189	0.154355613	0.095215611	0.133520974	0.196806329	0.068184358	0.0936952	0.099712647	0.172885698	0.142722937	0.144202536	0.146594284	0.084987255	0.183234412	0.130987776	0.208495992	0.13466001	0.153677376	0.085855905	0.155625045	0.132114401	0.156569996	0.138065118	0.218977983	0.130312081	0.184638189	0.179247095	0.11528357	0.271287355	0.180365329	0.147098625	0.14000299	0.16063075	0.134091957	0.202655093	0.172206673	0.111096884	0.141770047	0.229961105	0.162770069	0.107894574	0.186775397	0.152788259	0.155128818	0.21795389	0.208598389	0.183469572	0.1588887	0.17798408	0.226547206	0.115924689	0.107967027	0.111207256	0.130353702	0.071912393	0.149917059	0	0.10470961	0.063111682	0.123974984	0.216718163	0.223085125	0.217092848	0.270778083	0.207085909	0.238526908	0.238038378	0.201122466	0.208121679	0.241848211	0.158080545	0.211067873	0.215758715	0.14546552	0.131861025	0.184304262	0.179478674	0.143803485	0.220323185	0.144561184	0.19873832	0.201680608	0.140935802	0.169656337	0.191142048	0.226801546	0.167932751	0.152799271	0.185960681	0.156133287	0.173004396	0.154005132	0.204087841	0.289249332	0.256162488	0.292730101	0.430481971	0.225328146	0.359485084	0.323360007	0.165946358	0.337522827	0.172498219	0.226549128	0.300470123	0.323570648	0.192338668	0.320535822	0.203020045	0.145113464	0.129192274	0.115568381	0.145605066	0.133555595	0.146079156	0.090964887	0.120240979	0.117335113	0.107123725	0.158432771	0.22486888	0.183109588	0.156199657	0.125249014	0.170577514	0.167147173	0.144286919	0.168628628	0.162760278	0.172016083	0.18209527	0.156204501	0.169286744	0.191613717	0.207446628	0.169106491	0.19139367	0.152871501	0.161431403	0.184582819	0.188779772	0.178111414	0.174275308	0.179301416	0.185569122	0.213815738	0.189540852	0.204092001	0.232231741	0.214125961	0.192849119	0.15917199	0.204025122	0.208678834	0.150145982	0.243621303	0.137134751	0.146535576	0.165520632	0.168854693	0.186008244	0.131320902	0.134313958	0.14527479	0.198020318	0.18974875	0.238752271	0.185482988	0.195268834	0.166720596	0.175143151	0.172559867	0.199145479	0.222930041	0.124261835	0.1398448	0.13788595	0.148320461	0.189082098	0.186747248	0.137880276	0.114799108	0.146918098	0.093497383	0.208960122	0.192013023	0.180304817	0.18872323	0.19189087	0.175477472	0.207311108	0.194120927	0.184806257	0.209618911	0.244519009	0.246164093	0.358178791	0.260259123	0.356952143	0.240780296	0.298752552	0.262912759	0.20664061	0.241899639	0.215118717	0.202761713	0.22415493	0.253990126	0.274873072	0.222863841	0.285200253	0.244825873	0.241213271	0.116084279	0.151597584	0.126124023	0.095413409	0.179737057	0.132188307	0.127973374	0.184521142	0.112417967	0.148641982	0.096267479	0.178164646	0.163892885	0.096587272	0.097604149	0.156508958	0.105359099	0.123772042	0.164087295
18S_TGP_15_7	0.152858082	0.148139961	0.167739691	0.051911688	0.238398864	0.176568211	0.127052327	0.133870643	0.18745685	0.090069568	0.055522163	0.094002952	0.159732715	0.10933368	0.126366303	0.135063927	0.047151795	0.163885154	0.142203573	0.203455914	0.164035731	0.159351011	0.089429812	0.114973263	0.122752644	0.173983423	0.170542483	0.242841569	0.128980814	0.194394608	0.198485191	0.128821578	0.27678011	0.194215096	0.196585832	0.14328816	0.162512986	0.103349528	0.204875155	0.187752562	0.149675128	0.09593293	0.223272466	0.151475237	0.120582816	0.19681837	0.176374219	0.159252472	0.209789523	0.206873759	0.17964191	0.153034235	0.173983313	0.226919508	0.059135893	0.072647851	0.06941052	0.146827762	0.055342474	0.135523614	0.10470961	0	0.092040017	0.100201121	0.214725356	0.212794611	0.234049224	0.281745408	0.222718433	0.253769341	0.237787194	0.211564853	0.23613692	0.251492416	0.168230552	0.202332047	0.208863318	0.16575853	0.146449696	0.182518662	0.155180629	0.168351617	0.212255538	0.151837909	0.206634034	0.180904647	0.151746106	0.155693014	0.174010829	0.224617716	0.169305831	0.164728206	0.191377114	0.165556115	0.172228423	0.172331937	0.206037551	0.292868914	0.245093452	0.29772235	0.429585628	0.222085232	0.351270028	0.312707335	0.168598094	0.326571489	0.162247866	0.215775461	0.293491859	0.321669089	0.194733195	0.311191423	0.204568762	0.137422514	0.122008333	0.084106749	0.123187336	0.130516977	0.133100932	0.091328915	0.114702746	0.117595829	0.100982489	0.15369048	0.203955813	0.171290513	0.154471383	0.137807019	0.192618549	0.147174301	0.144099638	0.168238528	0.149106464	0.155857185	0.160981263	0.137945361	0.166267317	0.181937872	0.189398112	0.13736288	0.166015454	0.139950439	0.147210629	0.163606569	0.162348437	0.161621894	0.186690211	0.15768554	0.162633849	0.184511767	0.181407638	0.173849534	0.20889344	0.22520328	0.175277617	0.14874247	0.192390354	0.186029419	0.138491748	0.224832171	0.148288761	0.174323956	0.150808968	0.164455175	0.18752271	0.148080293	0.146254627	0.143829718	0.173245274	0.183130344	0.234564113	0.168022233	0.178283667	0.16138161	0.196381185	0.15876991	0.183603496	0.20695846	0.120668501	0.135152137	0.114160986	0.126742703	0.174625774	0.177938463	0.136506103	0.132036454	0.129013174	0.102975276	0.198861959	0.162391835	0.148644643	0.178831834	0.170049184	0.173087965	0.202181431	0.174521474	0.182747212	0.212090611	0.260021036	0.255147244	0.351853997	0.269440485	0.380993142	0.272537215	0.307131798	0.285276761	0.21981883	0.253893304	0.202797771	0.205956771	0.259717109	0.263075766	0.286313828	0.203847667	0.288597622	0.245592266	0.278447606	0.108913423	0.141596328	0.141546487	0.109305485	0.21580911	0.141210929	0.115054877	0.183881521	0.120322023	0.110372974	0.088677675	0.172819189	0.151886388	0.111383002	0.059140102	0.156145279	0.138614622	0.081587998	0.17293593
18S_TGP_15_8	0.123874474	0.121919031	0.156412594	0.097737662	0.226862473	0.155344129	0.093627915	0.109590766	0.205461712	0.079441014	0.070300817	0.092763248	0.154893456	0.139038063	0.14609443	0.125507433	0.068412075	0.173803307	0.113573202	0.20380847	0.135174754	0.136998374	0.094612174	0.128845615	0.117149195	0.152017432	0.135737779	0.196957601	0.124875545	0.168902593	0.176256022	0.103004892	0.259450803	0.166534457	0.139378095	0.126161568	0.140042612	0.116769828	0.186685303	0.168147477	0.107830352	0.123331201	0.21110082	0.137426449	0.106824488	0.177658361	0.145436709	0.138077213	0.182450822	0.197832213	0.172000125	0.133361577	0.162058758	0.208406888	0.100936426	0.086203436	0.10749146	0.129382181	0.062824082	0.125006661	0.063111682	0.092040017	0	0.117529988	0.205022548	0.22298539	0.221028625	0.258741842	0.210116854	0.230964358	0.226469907	0.201474593	0.211300453	0.239821149	0.164604683	0.179908399	0.201613371	0.139472481	0.138082805	0.163333518	0.1606548	0.131664189	0.203322484	0.143100016	0.199625527	0.188871019	0.142230623	0.158269952	0.173211815	0.218973138	0.167109447	0.142279322	0.1805592	0.143890648	0.152270441	0.141052694	0.183327202	0.272360228	0.238867225	0.267472546	0.401445913	0.201873037	0.336202443	0.306812942	0.154109404	0.310406063	0.1535468	0.197226114	0.282118967	0.306978782	0.171408469	0.293026808	0.184381629	0.117960027	0.128111279	0.103242092	0.129515838	0.131730342	0.11156934	0.084286474	0.100509088	0.112965774	0.091124577	0.130754428	0.195357895	0.153149431	0.134255734	0.115217311	0.168964383	0.166502819	0.123314758	0.16429069	0.144231766	0.15523065	0.170634182	0.152478695	0.150845006	0.175324218	0.186298835	0.168230518	0.176869982	0.145205196	0.154296581	0.190225665	0.177101442	0.158563811	0.177694519	0.172017654	0.173206686	0.214004902	0.189712126	0.202700136	0.228880194	0.224184027	0.193509298	0.154992365	0.202120339	0.209435506	0.13204656	0.230204633	0.128928265	0.141233802	0.149700267	0.15723514	0.173797046	0.150911739	0.13386904	0.1409506	0.206057236	0.192141021	0.2447883	0.188252823	0.194281192	0.162388957	0.165450215	0.171163321	0.196306236	0.217188636	0.119167839	0.144750375	0.128112196	0.151435588	0.180175953	0.187830133	0.129362309	0.134380685	0.144215787	0.104048197	0.188135884	0.178475196	0.160078715	0.169658252	0.168395522	0.161976275	0.198119341	0.179179185	0.170914819	0.19371585	0.235647675	0.222183638	0.351119088	0.252176711	0.347300369	0.239011687	0.282491604	0.251321729	0.207999741	0.240318203	0.208768259	0.229347606	0.250177646	0.250038694	0.266786985	0.235237263	0.277191024	0.239025885	0.247067513	0.099488941	0.139666577	0.138452329	0.095341189	0.172125778	0.145287655	0.124421363	0.165106125	0.095462614	0.12021415	0.071688432	0.169831023	0.142671408	0.098091074	0.081122001	0.143019428	0.123906839	0.101701158	0.153766739
18S_TGP_15_9	0.107901622	0.12060444	0.164689673	0.081694685	0.218582757	0.160924384	0.138873143	0.134684179	0.198351842	0.106225593	0.085177988	0.11563402	0.161841794	0.117820141	0.136728332	0.141767161	0.097699884	0.126023696	0.123889201	0.180848414	0.109075423	0.162833724	0.131740903	0.151274318	0.102620382	0.157503805	0.158308204	0.221235126	0.148223458	0.177707938	0.170378098	0.151393707	0.288663864	0.180555458	0.164703576	0.126616958	0.170383195	0.090850602	0.194019034	0.15715725	0.125383602	0.093766597	0.263192075	0.172631559	0.103385536	0.172158479	0.156266951	0.146459546	0.186448412	0.194475632	0.185532516	0.179042278	0.15704414	0.220312574	0.102368616	0.083769635	0.072392752	0.156894129	0.096122302	0.148600156	0.123974984	0.100201121	0.117529988	0	0.182451925	0.176939134	0.206040647	0.263431497	0.197421649	0.242758212	0.212026396	0.173491078	0.208342891	0.231936279	0.146457516	0.192279163	0.214015517	0.131895018	0.09873135	0.156279555	0.139092885	0.130612651	0.198508921	0.12749976	0.189197912	0.188981928	0.155059183	0.13783618	0.151813229	0.213024692	0.177204367	0.143404983	0.190227278	0.143715548	0.172639928	0.135561202	0.187268224	0.304442515	0.238396803	0.287308052	0.446156194	0.201542872	0.347904387	0.325346513	0.15404608	0.312346093	0.152267892	0.214690061	0.289292059	0.317814859	0.183822422	0.307305995	0.179845654	0.144806189	0.121219844	0.089855453	0.127255675	0.121777247	0.162310718	0.120228928	0.127080647	0.099438697	0.097313552	0.151350753	0.182883291	0.175241553	0.139543112	0.135110065	0.195033767	0.142776272	0.121005576	0.13851029	0.104344417	0.114792204	0.139693583	0.13110156	0.143837359	0.14532995	0.179984217	0.129445851	0.145163968	0.132515701	0.135099281	0.157157899	0.147656816	0.145926373	0.153240036	0.117911131	0.154302958	0.157389602	0.162060013	0.15284788	0.204043724	0.218914129	0.18913888	0.141462588	0.184116233	0.154307528	0.124211866	0.190752238	0.124299469	0.155590797	0.135840065	0.137904495	0.173766597	0.105200762	0.119818535	0.133962199	0.169687681	0.190529358	0.243798118	0.179956818	0.177317249	0.161030808	0.1825958	0.165365837	0.193234539	0.206504328	0.129127501	0.13083377	0.13839427	0.134245991	0.185149665	0.177143939	0.139064862	0.123570833	0.109943842	0.105410625	0.191477989	0.159949617	0.12888306	0.167179993	0.149961647	0.146062732	0.180824448	0.149979556	0.15671826	0.184082436	0.263417472	0.236791596	0.365946138	0.258651048	0.36849292	0.259468223	0.292386161	0.271451356	0.189227974	0.242626597	0.160977741	0.201723866	0.258094079	0.246793407	0.282290504	0.194150181	0.283236959	0.231002046	0.271892154	0.090967984	0.124172445	0.116235008	0.106885574	0.19784514	0.132732985	0.117195331	0.153885087	0.094868172	0.082326647	0.108750814	0.16708073	0.127048087	0.104006855	0.084354305	0.12034213	0.167937796	0.09112208	0.144955443
18S_TGP_16_1	0.137412111	0.202554692	0.203791652	0.192808791	0.22467793	0.207489707	0.223422315	0.171191078	0.210893671	0.194464504	0.195099773	0.177805868	0.161862675	0.164128298	0.124809944	0.151029191	0.212919797	0.101013575	0.167648593	0.174874611	0.148007539	0.158372312	0.2054504	0.232192077	0.148302659	0.169209158	0.106602055	0.262630875	0.196305647	0.150309552	0.183103211	0.220914473	0.316993174	0.175625025	0.221980924	0.174848173	0.224151626	0.179784451	0.230417865	0.181587765	0.184251633	0.157369896	0.288808676	0.177100674	0.159049437	0.180755963	0.175497458	0.190247031	0.219228409	0.211844974	0.155206781	0.206553565	0.162599653	0.250426157	0.210691789	0.181307181	0.198217811	0.192497585	0.213466729	0.241488393	0.216718163	0.214725356	0.205022548	0.182451925	0	0.098975765	0.174392025	0.169469288	0.049346482	0.116830072	0.073091099	0.082875226	0.115224683	0.200671668	0.13678137	0.238486445	0.237781684	0.164054664	0.131386165	0.168245014	0.129656765	0.168288881	0.224718545	0.118962652	0.205123218	0.152424148	0.133073311	0.128331244	0.100072512	0.197718705	0.143833503	0.148615813	0.204363136	0.116968015	0.168465622	0.183473201	0.214324741	0.324344211	0.217007671	0.30546561	0.458535267	0.215807846	0.378796178	0.347259105	0.194372669	0.344229272	0.193166958	0.261219458	0.331454635	0.341556069	0.231891686	0.327818481	0.216209979	0.207139645	0.223993259	0.192776677	0.170555883	0.16734601	0.191088348	0.202593396	0.198902659	0.151857797	0.175042568	0.19748488	0.210377026	0.220858625	0.193212197	0.166062136	0.232749963	0.124251643	0.150652818	0.130720004	0.12498013	0.149655008	0.171459756	0.137007621	0.149735514	0.159454566	0.145107631	0.130528483	0.170277732	0.140433291	0.117540403	0.144245133	0.130663845	0.147364878	0.154259621	0.154590147	0.110795783	0.121437519	0.103875658	0.168843224	0.098465925	0.119724011	0.135513515	0.088496357	0.060562029	0.084955604	0.146050998	0.225609814	0.15272493	0.187720047	0.177879789	0.161445627	0.170811237	0.171304692	0.200036557	0.185113656	0.16239514	0.110200257	0.189545035	0.155553571	0.094862572	0.102672051	0.112573803	0.106962624	0.120943522	0.104522025	0.166661472	0.199347806	0.194498685	0.186687665	0.194536416	0.145164411	0.216595483	0.173506279	0.169971079	0.163228224	0.205906937	0.16883086	0.184589858	0.216365212	0.197216169	0.211583928	0.220760787	0.193139675	0.192998173	0.217364914	0.212756551	0.15966076	0.344197293	0.167171694	0.31845672	0.178937727	0.261828951	0.209358966	0.167284821	0.207517451	0.143531583	0.181437504	0.181926554	0.25991195	0.187646876	0.142409414	0.290999223	0.203711325	0.184947655	0.195093724	0.147109975	0.15729571	0.192387202	0.251039903	0.142782277	0.189999503	0.18195279	0.156489239	0.179367297	0.211938696	0.171496115	0.168798313	0.175875983	0.185978711	0.175638359	0.183328556	0.176861675	0.133406226
18S_TGP_16_10	0.150502147	0.205198975	0.20579565	0.189473476	0.243737578	0.217009501	0.234385002	0.191218521	0.155644746	0.195772915	0.201292185	0.175214248	0.15964531	0.165274784	0.182937299	0.181719553	0.213927413	0.157514336	0.202919756	0.144443527	0.178485075	0.151318729	0.20900378	0.248588143	0.151133913	0.16753641	0.144481564	0.296098109	0.200472125	0.225160629	0.217436303	0.235088	0.33292006	0.231520392	0.252691104	0.187233259	0.242619613	0.206300213	0.24237463	0.168275733	0.216334005	0.179552744	0.3062348	0.209821779	0.173918571	0.214405665	0.217219291	0.207213585	0.243767985	0.236142743	0.224844133	0.22587917	0.180647126	0.258511453	0.214967377	0.197258798	0.195613819	0.180646869	0.217900694	0.262365059	0.223085125	0.212794611	0.22298539	0.176939134	0.098975765	0	0.198033643	0.144214863	0.096968856	0.132132502	0.093169561	0.124794054	0.163964735	0.201279994	0.195511624	0.244570885	0.249039685	0.200148126	0.140780387	0.189415028	0.190871754	0.183988214	0.226105389	0.142783706	0.232096581	0.124977546	0.14647061	0.154860892	0.161779063	0.246197156	0.196313077	0.209623949	0.223446215	0.16515654	0.209821637	0.20543921	0.230067351	0.343307715	0.238358952	0.332141415	0.483638518	0.240505606	0.392182919	0.367624761	0.211330906	0.350743002	0.215917921	0.281960415	0.335562823	0.356771901	0.245715351	0.343479722	0.224351623	0.210556914	0.220605973	0.188506453	0.189697089	0.170926542	0.210338283	0.206286147	0.194481579	0.188623654	0.183715822	0.209008249	0.232945444	0.224212645	0.201926354	0.177777424	0.24622529	0.150037186	0.161622705	0.165893615	0.157026372	0.167647017	0.175866069	0.134620309	0.180634173	0.176164848	0.140836117	0.130137205	0.1799384	0.147722381	0.12941285	0.117875559	0.121408321	0.167136624	0.15905015	0.151714696	0.147958424	0.174946178	0.155895217	0.150777187	0.087721926	0.092485336	0.08053412	0.150273072	0.124659973	0.113580136	0.187043099	0.235044339	0.163476254	0.200502448	0.196981724	0.194782451	0.176594675	0.158505826	0.20995899	0.194600194	0.124949904	0.103493034	0.134752768	0.113250058	0.087196411	0.104817938	0.143780587	0.108732964	0.106195707	0.114603763	0.173583879	0.199807031	0.207003201	0.186744744	0.206834919	0.135260371	0.231550622	0.181564098	0.179054766	0.168571094	0.243248629	0.196900055	0.200185501	0.234408416	0.217325521	0.22293366	0.233506918	0.199571927	0.208551855	0.241572201	0.191387409	0.136388759	0.35331962	0.142139197	0.357443929	0.165833408	0.28734381	0.170731599	0.168189392	0.215002219	0.122669879	0.153216338	0.138729887	0.255722592	0.169434912	0.111043975	0.296678834	0.214921444	0.142266609	0.213048482	0.135531417	0.181508869	0.199882706	0.270890316	0.183464547	0.211936272	0.193980053	0.170679479	0.203172721	0.234004268	0.121356243	0.2042638	0.185096858	0.192308577	0.176127719	0.164534996	0.198437424	0.111673995
18S_TGP_16_2	0.149750807	0.176295752	0.155594413	0.212665159	0.174629591	0.151915093	0.185174926	0.205852229	0.281341258	0.221496021	0.220073321	0.20524827	0.205212675	0.202044296	0.191356517	0.189874019	0.231720224	0.161313887	0.188108335	0.232671401	0.205975684	0.219729815	0.197486325	0.189021649	0.188664233	0.184459747	0.17886745	0.224518003	0.152517964	0.156110077	0.161295215	0.163377867	0.247329888	0.155479887	0.192598904	0.169357781	0.17166968	0.196894786	0.206938538	0.13228606	0.1939902	0.192912947	0.223484859	0.141755532	0.172947453	0.139405101	0.14697871	0.182388033	0.173935602	0.15495691	0.168115095	0.151119112	0.135042026	0.160217055	0.236315895	0.208292804	0.219103081	0.199176414	0.242878703	0.199325939	0.217092848	0.234049224	0.221028625	0.206040647	0.174392025	0.198033643	0	0.217435101	0.156105284	0.146309884	0.190313731	0.143236024	0.146021993	0.146763075	0.181118162	0.225954439	0.207020638	0.142564241	0.185641072	0.15149606	0.17129284	0.156937473	0.177083142	0.147716284	0.201323346	0.213719645	0.172269759	0.151588086	0.158002805	0.171954541	0.129699861	0.18188687	0.172638863	0.149370034	0.131801307	0.193431981	0.163606298	0.271232343	0.19167348	0.26889924	0.423282962	0.173739931	0.333963546	0.296574336	0.171142397	0.284342378	0.202524581	0.215571671	0.273219803	0.293680528	0.185814859	0.282213782	0.147003186	0.169295999	0.214943399	0.212969845	0.179022411	0.171920221	0.17025075	0.207354896	0.199782744	0.19942029	0.192083502	0.165808762	0.220193605	0.200644887	0.160159397	0.138905171	0.169453529	0.169624527	0.158492036	0.146489109	0.160222391	0.167423793	0.181338683	0.177274182	0.172110001	0.160078429	0.218414726	0.184359546	0.180500198	0.182584469	0.180762598	0.198355095	0.190732989	0.16121683	0.132324897	0.173845811	0.165476829	0.177967729	0.171918733	0.195134793	0.22876934	0.223491275	0.236222622	0.173925726	0.190841928	0.183380843	0.156595677	0.227001048	0.14629298	0.162568698	0.182173349	0.169773256	0.184983266	0.204657775	0.20533639	0.179920336	0.214668702	0.226633169	0.291619695	0.23696883	0.202482696	0.193571222	0.176723758	0.211456468	0.227371441	0.238926231	0.207270134	0.206556701	0.21194224	0.207755325	0.21850019	0.197737332	0.220558419	0.215530294	0.171183257	0.203978514	0.224934038	0.176771817	0.185341746	0.223234086	0.214999655	0.216222671	0.2236528	0.191795669	0.193358996	0.230483602	0.214215686	0.210358973	0.308685961	0.224796626	0.270884711	0.143533103	0.201842102	0.197390692	0.118199729	0.166592684	0.190814743	0.195243488	0.240212372	0.196941713	0.242995049	0.235633108	0.205502116	0.203315778	0.192853354	0.191256316	0.212161047	0.15833993	0.207135512	0.198909904	0.146726808	0.180469873	0.170933305	0.164573926	0.19868068	0.226599119	0.243620063	0.167015014	0.203754368	0.205268263	0.194625775	0.215260143	0.193423563	0.225246334
18S_TGP_16_3	0.216316767	0.231182407	0.214397559	0.264409888	0.236896551	0.196359851	0.265397478	0.229283208	0.216948079	0.26327877	0.265626307	0.264405199	0.226118236	0.259595904	0.271021632	0.254186434	0.280331482	0.251261494	0.257155034	0.210584348	0.243100001	0.211235474	0.266597426	0.228285959	0.242827852	0.239179256	0.192857205	0.266791102	0.265669727	0.2678352	0.274784995	0.237091837	0.285582751	0.273400729	0.268643495	0.236412748	0.226596446	0.237733461	0.275673601	0.224025737	0.272192039	0.268100866	0.264716621	0.218358417	0.245675832	0.238127515	0.256209512	0.250692668	0.215774476	0.219529751	0.2749859	0.224144542	0.168854024	0.220154581	0.277020263	0.252444227	0.265854605	0.246562335	0.278749015	0.214561944	0.270778083	0.281745408	0.258741842	0.263431497	0.169469288	0.144214863	0.217435101	0	0.163264956	0.159786702	0.141220484	0.189888204	0.21330583	0.194710256	0.277518235	0.279326458	0.26496998	0.239417133	0.224646562	0.204580776	0.257888973	0.202020565	0.228095676	0.213748975	0.282356316	0.192244302	0.18639469	0.238613836	0.221559741	0.237531722	0.257850429	0.257964039	0.254009566	0.209113911	0.200409821	0.248667924	0.194705799	0.295429816	0.205013388	0.292673105	0.431509041	0.213833642	0.351885643	0.321201148	0.21321163	0.3172145	0.253211363	0.24031477	0.30579565	0.314380596	0.20729147	0.320941496	0.21701175	0.23034736	0.288144497	0.270019689	0.267791146	0.251369651	0.240250117	0.282139568	0.259725715	0.277350236	0.255362777	0.239327024	0.287532355	0.258282576	0.236007462	0.228462518	0.251517342	0.242348834	0.221697596	0.22737841	0.231045117	0.233578971	0.227717595	0.222611783	0.239847037	0.246617996	0.200608712	0.223970011	0.246512026	0.210008155	0.203983815	0.211371765	0.206377923	0.236137985	0.215937876	0.233428371	0.22860452	0.273164681	0.25651629	0.244651246	0.144371635	0.156352148	0.174940851	0.233740425	0.21693135	0.234403648	0.249441957	0.288649938	0.219776094	0.242299765	0.236763092	0.251072211	0.224352109	0.242815964	0.269111571	0.237842621	0.22595106	0.145322583	0.188068479	0.197691989	0.174866919	0.201969707	0.206039741	0.191734	0.163218865	0.175371749	0.228244041	0.260119339	0.262097545	0.252672649	0.240650416	0.206363179	0.266657601	0.23467925	0.259473967	0.227091349	0.292154781	0.25128419	0.256141507	0.289176597	0.268521228	0.277651543	0.285341967	0.257511461	0.259097436	0.292660264	0.114836561	0.187707971	0.320740959	0.078480566	0.347304983	0.200856943	0.276231556	0.165231138	0.172209931	0.194543663	0.232034769	0.239027403	0.131902195	0.230660645	0.056084208	0.191657076	0.267066763	0.224551583	0.112676377	0.248854604	0.211140125	0.26287774	0.261883371	0.255755854	0.243802714	0.222830185	0.243349873	0.220029863	0.262333036	0.263149574	0.215187196	0.264387693	0.264501881	0.254109398	0.254202502	0.243218739	0.231235064	0.166500135
18S_TGP_16_4	0.157646736	0.212170346	0.215100389	0.207714844	0.235878578	0.21538793	0.208119839	0.183920919	0.218061344	0.202220576	0.205443913	0.186137823	0.174088114	0.174048027	0.148411834	0.163586908	0.223067129	0.130907862	0.177898226	0.186809153	0.159974781	0.158378627	0.192744183	0.233391174	0.154289326	0.165754919	0.098382975	0.260563901	0.183333241	0.155683829	0.181497243	0.204093953	0.302110556	0.16325608	0.211227526	0.179846273	0.219329712	0.178680422	0.223945292	0.173294021	0.18418176	0.169197912	0.281738378	0.171024502	0.156650914	0.175613239	0.165467205	0.183969845	0.224254846	0.205053624	0.156197567	0.199034247	0.166169442	0.24411143	0.220553991	0.187421258	0.20515405	0.189988418	0.223002579	0.246498574	0.207085909	0.222718433	0.210116854	0.197421649	0.049346482	0.096968856	0.156105284	0.163264956	0	0.090937789	0.063212905	0.082740581	0.105741665	0.181118221	0.15023632	0.249418317	0.239235752	0.154342337	0.139997957	0.174208855	0.14694197	0.164479089	0.23408835	0.113984264	0.195110606	0.161934408	0.123306485	0.126215119	0.109374412	0.193358227	0.118052368	0.148345893	0.192350004	0.116359714	0.170964426	0.194483741	0.222063244	0.326566952	0.218024983	0.310478687	0.467539727	0.219337798	0.388228942	0.352949459	0.198965301	0.356009278	0.205510562	0.267931077	0.338993592	0.340692749	0.240539292	0.327744936	0.230632565	0.214435884	0.2269507	0.206253245	0.186511748	0.180579973	0.191522828	0.192403219	0.213320111	0.164130705	0.180560776	0.19689278	0.222471614	0.220013881	0.185713121	0.161533839	0.226119584	0.124992721	0.157981118	0.123760896	0.134978517	0.162139901	0.186112347	0.144290776	0.150747937	0.171394872	0.149570959	0.136427634	0.183806681	0.155868925	0.124514898	0.153217371	0.145357669	0.155507836	0.151081037	0.168331831	0.115404787	0.156658331	0.11806017	0.177006531	0.099401029	0.09955876	0.141225431	0.11111555	0.082650504	0.117693856	0.155628355	0.240646664	0.141312385	0.180833177	0.189717786	0.162373121	0.174009796	0.18372004	0.209229316	0.184380313	0.174108206	0.113406001	0.198368669	0.163214633	0.096440119	0.10810896	0.091689586	0.113266156	0.11557787	0.110099688	0.172098053	0.204512883	0.201588404	0.192207827	0.199071509	0.141224562	0.218219143	0.178766062	0.177010269	0.168499814	0.223398839	0.181488896	0.200982027	0.226536424	0.20651637	0.22415896	0.232446481	0.207888993	0.19082967	0.224888098	0.21352103	0.157194826	0.34831782	0.170063835	0.298132624	0.149724763	0.254798998	0.199294931	0.156955656	0.20766697	0.160737446	0.173829487	0.166138812	0.26724482	0.191961743	0.157908768	0.278358127	0.212800042	0.163554965	0.191237848	0.155716853	0.145299413	0.192043764	0.238900573	0.134173211	0.19140566	0.182033483	0.157483004	0.19297595	0.219287918	0.17858246	0.179311401	0.179971631	0.196388477	0.186092341	0.175597968	0.186742363	0.141246282
18S_TGP_16_5	0.189523139	0.224680225	0.195683881	0.249560788	0.212252022	0.1952266	0.237884732	0.195253055	0.210483751	0.239377857	0.234440798	0.207418089	0.167904999	0.199637116	0.190462633	0.167023162	0.254304419	0.175747241	0.189041289	0.172087167	0.189376935	0.148451363	0.228066135	0.202447598	0.158710053	0.151251108	0.126701923	0.221836944	0.211057657	0.197441552	0.213570405	0.212091781	0.281788598	0.198810425	0.204629958	0.197922931	0.196623139	0.204705556	0.218015556	0.161129366	0.211827864	0.212570797	0.247443856	0.161884933	0.193253255	0.172507206	0.191826961	0.213338139	0.200723741	0.184233676	0.18304714	0.186932144	0.147755249	0.225109217	0.247676996	0.212630457	0.23458132	0.196794763	0.252059132	0.21029255	0.238526908	0.253769341	0.230964358	0.242758212	0.116830072	0.132132502	0.146309884	0.159786702	0.090937789	0	0.109954801	0.12335258	0.139354187	0.144827884	0.192408498	0.264855015	0.248300576	0.178815586	0.173249735	0.159308377	0.168746986	0.163547374	0.202737707	0.143348539	0.209879934	0.133423588	0.145557997	0.161012345	0.13705927	0.164322862	0.147709927	0.168582511	0.206272207	0.1323855	0.144401864	0.198183989	0.183093772	0.288285365	0.17788371	0.277647728	0.425865784	0.182717764	0.362830142	0.323545873	0.191770516	0.331982347	0.221833424	0.24112969	0.312788931	0.31280205	0.217683878	0.287616465	0.207987351	0.224263402	0.269822446	0.250237408	0.226883999	0.222444331	0.195580169	0.230648308	0.248601779	0.210792752	0.214207654	0.209661057	0.244963873	0.244962177	0.21146051	0.183631503	0.227453428	0.158355234	0.167984791	0.158488115	0.174567777	0.186662096	0.215157259	0.171994738	0.159341272	0.186641058	0.145903817	0.176337598	0.206741453	0.181753017	0.155761815	0.172688308	0.152898945	0.164549532	0.174454882	0.206293269	0.142507523	0.213052343	0.168491062	0.21459911	0.144017925	0.135675049	0.148867377	0.154480918	0.130605958	0.1512209	0.182657457	0.262088215	0.170182067	0.176256534	0.20274075	0.175208485	0.16482218	0.21348208	0.251352874	0.204271288	0.187722205	0.15529244	0.192466489	0.16018279	0.139951329	0.134796663	0.116096596	0.15317838	0.152422925	0.148951503	0.193913388	0.226836294	0.230569344	0.220872273	0.208406193	0.142507207	0.240599897	0.205350561	0.216396942	0.198432287	0.235450661	0.197820243	0.221864156	0.235304397	0.231196345	0.246094555	0.252346453	0.23291037	0.203700868	0.240543732	0.152210079	0.121339251	0.298609149	0.162357983	0.242614023	0.087936469	0.211712131	0.119510591	0.135131408	0.169750134	0.170056037	0.192252283	0.201797006	0.232554642	0.184242952	0.199472409	0.245565966	0.20650619	0.145585479	0.213469328	0.159505685	0.187843092	0.219979105	0.212374303	0.166328723	0.19665095	0.190601528	0.185676452	0.212461098	0.236648476	0.168412919	0.202947032	0.208791628	0.229027354	0.200095864	0.178483984	0.206518014	0.165653051
18S_TGP_16_6	0.170390485	0.212321505	0.219269268	0.219622898	0.240534685	0.223671363	0.232985003	0.204785061	0.215897656	0.217814953	0.221421564	0.201134349	0.194239059	0.188646243	0.169912134	0.185038122	0.238741213	0.150825812	0.199661689	0.192550982	0.1813883	0.186088314	0.232299549	0.241395015	0.166703377	0.198696504	0.13472708	0.27353576	0.208938741	0.187164643	0.218029119	0.224542068	0.32553834	0.194117026	0.235122298	0.210428565	0.235199104	0.214832027	0.244101655	0.198364662	0.220298957	0.187957558	0.298499795	0.187026493	0.185254218	0.197765495	0.195088168	0.207123067	0.231611234	0.227405939	0.195909607	0.217441023	0.173597913	0.264456505	0.235536896	0.207334903	0.22093513	0.212840152	0.237489536	0.251722108	0.238038378	0.237787194	0.226469907	0.212026396	0.073091099	0.093169561	0.190313731	0.141220484	0.063212905	0.109954801	0	0.090509831	0.142406486	0.210480541	0.181477949	0.26745005	0.261409553	0.181944432	0.15992455	0.18421459	0.172177963	0.183726575	0.238610185	0.150498418	0.238281892	0.16615586	0.155978062	0.149261947	0.136000637	0.215307913	0.171902156	0.181627753	0.230273483	0.117988806	0.178208781	0.212777585	0.226200207	0.334159643	0.226582439	0.316864467	0.470771632	0.226831417	0.394081623	0.358926733	0.204726912	0.358822246	0.227574673	0.273053532	0.343178277	0.354065241	0.243525667	0.333689612	0.234592853	0.21721503	0.253678527	0.221661632	0.206604305	0.195540021	0.197832908	0.227368864	0.21954624	0.180827108	0.197945672	0.211676072	0.245623224	0.231619392	0.209501533	0.190114728	0.248687373	0.153766882	0.175242041	0.158360232	0.147884402	0.184081071	0.206784651	0.158154337	0.18149042	0.189856519	0.168797824	0.149319821	0.203173736	0.173236815	0.143116191	0.170880948	0.169479345	0.182918341	0.188872324	0.179628164	0.132653149	0.172659862	0.142679095	0.194769084	0.087579479	0.109350708	0.13825158	0.129053244	0.101820055	0.135003582	0.184752867	0.26267274	0.173609532	0.211029771	0.208755785	0.196205114	0.200531248	0.201620598	0.230550427	0.215485631	0.187952983	0.113484172	0.195857516	0.159232453	0.106141575	0.122862233	0.137324508	0.123012149	0.120423129	0.087099469	0.191762832	0.227639277	0.220206442	0.20175333	0.225132423	0.172844198	0.248156474	0.200821335	0.193281621	0.188977468	0.241411991	0.199354478	0.220671714	0.244915371	0.23121956	0.247543559	0.254330502	0.228306324	0.222767164	0.245030375	0.203923024	0.142942656	0.351210135	0.144095194	0.326014766	0.163661129	0.269923364	0.199019011	0.1824768	0.224147395	0.17765724	0.210742537	0.168316732	0.275464109	0.163257817	0.160972503	0.302593497	0.22037363	0.156990841	0.223480409	0.171906259	0.183555802	0.217423746	0.263318705	0.17752881	0.206445639	0.201425394	0.175188594	0.216202832	0.241747535	0.174216085	0.207417903	0.199462208	0.208218547	0.205883395	0.207252181	0.214493868	0.136181056
18S_TGP_16_7	0.125508927	0.168192812	0.173663256	0.182928467	0.196677554	0.175241379	0.185090958	0.180397785	0.228832775	0.195919587	0.195089073	0.176349774	0.169917774	0.158052944	0.127817355	0.160149175	0.211122822	0.099755015	0.172414763	0.193542668	0.159732462	0.179163621	0.186988707	0.208020185	0.142338132	0.156189263	0.111250213	0.241635699	0.163994022	0.138124317	0.163583984	0.18585537	0.28703813	0.153178524	0.200556283	0.158197184	0.198079107	0.183476971	0.197944472	0.135087778	0.179548864	0.14875637	0.254595119	0.144615035	0.145433755	0.132629545	0.148002863	0.167810833	0.201413281	0.174487963	0.145634679	0.174141747	0.144496106	0.205923786	0.214254041	0.185309289	0.195320567	0.166755063	0.216963775	0.224968726	0.201122466	0.211564853	0.201474593	0.173491078	0.082875226	0.124794054	0.143236024	0.189888204	0.082740581	0.12335258	0.090509831	0	0.112943275	0.17774251	0.125419132	0.219763903	0.205423787	0.140690972	0.129336569	0.159319915	0.13523684	0.142707613	0.196735966	0.111938634	0.20781012	0.184008819	0.124037327	0.129259745	0.110718774	0.180635962	0.145427957	0.149358147	0.199594023	0.094064583	0.156543701	0.18978223	0.198128783	0.311109517	0.196477868	0.298743396	0.452047093	0.202129517	0.356740383	0.333875033	0.176607144	0.315382474	0.200087975	0.246334745	0.302437677	0.324492245	0.214504974	0.317060756	0.187497342	0.172409084	0.204658321	0.182646996	0.171295167	0.150664771	0.166646436	0.18725733	0.175884254	0.148300838	0.172370747	0.158360318	0.208807163	0.187019502	0.148516326	0.140351623	0.197224807	0.108648514	0.14104538	0.109502294	0.109675991	0.150660104	0.163707126	0.126525506	0.147836719	0.14410843	0.154990949	0.119721824	0.166677857	0.137394494	0.118812465	0.146931377	0.147188451	0.1503517	0.125344255	0.13301646	0.092990542	0.119714514	0.122975322	0.145014449	0.136730202	0.14314033	0.163110422	0.097200866	0.094519973	0.083687104	0.146218771	0.219675641	0.133867191	0.178180082	0.181208399	0.153926263	0.164191627	0.166333218	0.192067548	0.174299753	0.160098807	0.155700822	0.217012873	0.171664436	0.131070091	0.119281609	0.123111883	0.133347704	0.154733165	0.138971851	0.163470516	0.194328811	0.195860326	0.173568143	0.196363165	0.156381203	0.215602731	0.175691501	0.166136126	0.161552804	0.213267404	0.167239319	0.185602795	0.218907929	0.204544951	0.211724185	0.220763446	0.183602127	0.18762929	0.224814985	0.219396181	0.174434656	0.336936952	0.194954387	0.303169773	0.176941327	0.258535857	0.214774607	0.121186869	0.190292328	0.134698646	0.165446338	0.201210759	0.223281483	0.21976716	0.162935259	0.260052267	0.177786504	0.18773099	0.18987981	0.160499263	0.141149931	0.186734573	0.229947865	0.138326976	0.16637493	0.162598165	0.150213403	0.189949716	0.214405395	0.189427717	0.168077713	0.171388491	0.180051249	0.175055158	0.170823192	0.183172592	0.159405816
18S_TGP_16_8	0.155254254	0.218477991	0.214763369	0.217979832	0.233640844	0.216035156	0.189390941	0.186907742	0.247951781	0.214157933	0.212773727	0.195395662	0.18420633	0.182757911	0.174888119	0.165818982	0.233815033	0.157884497	0.182190385	0.216316993	0.164856444	0.187603008	0.204513104	0.235781046	0.157617629	0.166045153	0.113341148	0.256426747	0.156460468	0.131936227	0.101016347	0.198519222	0.29438568	0.120095205	0.200665454	0.178741041	0.217239608	0.184141292	0.216380069	0.149293127	0.17739451	0.180204918	0.27821616	0.176402543	0.16433933	0.172398837	0.136820309	0.187671163	0.222096777	0.201095169	0.164481596	0.200833384	0.164489538	0.231383426	0.228816534	0.196086653	0.215807819	0.180251858	0.231050732	0.243980776	0.208121679	0.23613692	0.211300453	0.208342891	0.115224683	0.163964735	0.146021993	0.21330583	0.105741665	0.139354187	0.142406486	0.112943275	0	0.189078846	0.16746054	0.246145746	0.234869198	0.142957806	0.150581446	0.176329841	0.169910127	0.165046362	0.230281385	0.1226279	0.188560237	0.19220041	0.134816025	0.146431552	0.131132477	0.192353619	0.134095509	0.162070715	0.174864572	0.136412351	0.175338844	0.191330486	0.214895353	0.321023973	0.216196696	0.301176313	0.456726876	0.213577328	0.381999248	0.348885616	0.199007065	0.349824544	0.204075778	0.267728424	0.3360795	0.341032682	0.239653558	0.327868559	0.228850445	0.221793946	0.237925014	0.216768536	0.196502721	0.18881116	0.198723218	0.20171241	0.218295851	0.18510319	0.193225937	0.199400422	0.221954953	0.228145809	0.191247516	0.160109455	0.206290211	0.144102489	0.156736195	0.129897657	0.146219633	0.167122855	0.193345926	0.160027177	0.157307574	0.172261749	0.177510634	0.149188224	0.190923443	0.166185896	0.146040088	0.179832638	0.169702277	0.157924361	0.136864697	0.178594738	0.131807486	0.18452325	0.156188523	0.187875575	0.159716326	0.15282501	0.190721281	0.135255111	0.136787941	0.15162503	0.164670097	0.240958076	0.145506153	0.178798716	0.19290102	0.167995611	0.172360275	0.194284956	0.220624994	0.190167388	0.20885543	0.169374459	0.236317806	0.195508743	0.154560764	0.139649613	0.131434563	0.157556386	0.174396838	0.167776577	0.181345906	0.209833697	0.213344231	0.203016259	0.202412427	0.173539528	0.221115435	0.188890523	0.192887294	0.18003193	0.227763416	0.194244964	0.206344847	0.228564072	0.210370738	0.226370002	0.233169014	0.210691401	0.192489808	0.224177997	0.23308653	0.191686441	0.348118143	0.217318105	0.312778562	0.144853269	0.267812369	0.223159507	0.14976802	0.215768654	0.164404604	0.182736157	0.154720262	0.264234826	0.239358499	0.209077711	0.293387532	0.207531101	0.167217169	0.192292368	0.184861965	0.155694465	0.20384429	0.236201095	0.132942597	0.191802527	0.185069765	0.166271927	0.196798163	0.21701464	0.209762878	0.191678725	0.187450145	0.20272415	0.194623371	0.185073949	0.18932861	0.179584339
18S_TGP_16_9	0.183295014	0.213581331	0.178457625	0.237020406	0.155763548	0.169153967	0.227939963	0.196457831	0.272851509	0.238181555	0.238433459	0.224366516	0.20037436	0.221689395	0.232638548	0.20485034	0.255031503	0.20610775	0.204458436	0.208654887	0.216046165	0.204819674	0.224332881	0.193803238	0.19510534	0.171455736	0.191365674	0.146896655	0.219827092	0.221171366	0.222847699	0.203343556	0.157519066	0.218924809	0.193097309	0.179861405	0.16910851	0.206674378	0.15142295	0.163827086	0.231824886	0.23637408	0.171519893	0.177112521	0.203570241	0.192045904	0.206341137	0.210130381	0.121106477	0.127905363	0.221592159	0.179969236	0.1313071	0.183910769	0.256026339	0.217692694	0.234040122	0.198094009	0.262279648	0.168078679	0.241848211	0.251492416	0.239821149	0.231936279	0.200671668	0.201279994	0.146763075	0.194710256	0.181118221	0.144827884	0.210480541	0.17774251	0.189078846	0	0.230079509	0.244102479	0.224859754	0.193257861	0.195356088	0.151827504	0.200241945	0.157988416	0.172389346	0.160040684	0.152010289	0.189144681	0.163701028	0.187342035	0.164008581	0.122733544	0.18466124	0.179728417	0.138533609	0.172832341	0.155718826	0.157122444	0.115579657	0.187292464	0.122076452	0.176305881	0.329316256	0.099444397	0.247374745	0.20656508	0.149325344	0.214003706	0.150832719	0.139544637	0.197315024	0.201153612	0.134419477	0.190114789	0.149700363	0.211359506	0.2595615	0.242055082	0.229837751	0.218551745	0.206588145	0.239105801	0.240163979	0.240708166	0.214887455	0.201343252	0.196448076	0.234696336	0.197751433	0.175794218	0.16570504	0.197931154	0.167039685	0.168120718	0.190793062	0.176017653	0.197679455	0.189036413	0.175379969	0.198571397	0.176991227	0.19861617	0.16957941	0.173789671	0.185567355	0.189975201	0.179459232	0.156098586	0.158679236	0.192868004	0.190643342	0.244261471	0.207869453	0.216350877	0.245183372	0.239806148	0.231562424	0.204640302	0.215226763	0.208467419	0.19777008	0.17806977	0.165990804	0.154689004	0.188206183	0.186089974	0.140920614	0.19570387	0.234692175	0.186998395	0.228619761	0.216044923	0.279800846	0.229201013	0.221840809	0.201693113	0.183488167	0.216895636	0.22145892	0.255998141	0.202799244	0.214420936	0.233993757	0.219083708	0.182050418	0.190237112	0.203033852	0.214648266	0.221237974	0.207187062	0.200383718	0.197057546	0.19939858	0.194207173	0.180228845	0.189954107	0.18013396	0.1814927	0.156954579	0.186639792	0.166787959	0.216659229	0.211176943	0.185130497	0.204699691	0.182189678	0.141706295	0.138990734	0.109758441	0.09719045	0.168665049	0.226902793	0.267539241	0.179427953	0.228636843	0.252773372	0.197637897	0.1441056	0.206643016	0.204495505	0.206306323	0.208491204	0.227518278	0.139865922	0.187941038	0.182477881	0.153157454	0.17499626	0.217177401	0.243264761	0.232582351	0.218530863	0.234151368	0.224368097	0.198133692	0.216520208	0.204557019	0.222737733
18S_TGP_17_1	0.145696543	0.19346616	0.194944578	0.158664222	0.229629246	0.204175418	0.161036229	0.158698926	0.217606697	0.148339622	0.149672238	0.127359839	0.167836106	0.127407254	0.070776825	0.126301623	0.16096571	0.090392726	0.139567694	0.209942736	0.149383847	0.178655545	0.149416752	0.201200066	0.128922721	0.141590475	0.143021618	0.223803523	0.127749193	0.113819349	0.151955287	0.16385291	0.284514037	0.129735485	0.170473115	0.146901092	0.182598622	0.15100366	0.184335649	0.152016116	0.126558009	0.127514791	0.256202446	0.138231965	0.098753191	0.144294966	0.131134441	0.158295509	0.195254834	0.188507427	0.107160692	0.17182705	0.177302325	0.228127062	0.168560697	0.148374758	0.140729096	0.155321884	0.168888194	0.206077342	0.158080545	0.168230552	0.164604683	0.146457516	0.13678137	0.195511624	0.181118162	0.277518235	0.15023632	0.192408498	0.181477949	0.125419132	0.16746054	0.230079509	0	0.217133997	0.222924582	0.122560334	0.122561391	0.163088525	0.09225108	0.142690481	0.220052755	0.108819474	0.17982155	0.19859215	0.159512019	0.114647912	0.116504367	0.178084945	0.125173964	0.112110936	0.180614435	0.109430282	0.148501014	0.168702235	0.190315992	0.305808379	0.236418129	0.301411933	0.451490933	0.205020136	0.375278348	0.338694886	0.183483336	0.343628456	0.174229762	0.245584659	0.322282998	0.335112861	0.21845768	0.309828888	0.214998543	0.188527137	0.171657706	0.15197704	0.1516558	0.145380497	0.163529128	0.129358069	0.173199128	0.119977676	0.131216003	0.154997551	0.184881376	0.197342496	0.166242101	0.132959035	0.206653837	0.102224818	0.131855251	0.119678239	0.127837524	0.133766133	0.179637361	0.137924624	0.124462101	0.151462545	0.188601288	0.138011392	0.17822448	0.162188101	0.135350576	0.1765472	0.175516187	0.133637596	0.156049052	0.15809874	0.119357346	0.118381166	0.08547573	0.182084673	0.178524191	0.167800442	0.200551731	0.098945512	0.104556978	0.103443903	0.120582568	0.230902075	0.117278133	0.153783237	0.167907641	0.130094422	0.172742505	0.164707596	0.161528511	0.148363137	0.200426386	0.209489259	0.249174932	0.193348083	0.167507706	0.153284542	0.167570017	0.173537984	0.198899802	0.179911504	0.160820792	0.16365591	0.17554767	0.17101567	0.202105517	0.17302528	0.182361082	0.170001806	0.131881121	0.150828621	0.184497789	0.159104491	0.175549595	0.190337335	0.186269358	0.198238686	0.206200863	0.19098486	0.161691107	0.190177351	0.260537046	0.21023054	0.371149349	0.27390444	0.313771197	0.21444461	0.27481449	0.251983807	0.193403511	0.252408347	0.17659937	0.199389183	0.235334781	0.267228243	0.294146662	0.222964083	0.301146849	0.25772445	0.255224123	0.152514664	0.166878196	0.106193182	0.141856776	0.207690766	0.105519021	0.168700479	0.156114777	0.138875084	0.150451989	0.176588626	0.183263699	0.142710649	0.122484556	0.149032726	0.164370403	0.155470507	0.158084059	0.177566932
18S_TGP_17_10	0.148822976	0.161614351	0.139045472	0.177519876	0.185397667	0.157769774	0.189825066	0.164466439	0.275652758	0.201752528	0.199176314	0.215239507	0.186458784	0.20390192	0.222284367	0.188342441	0.18871097	0.178886342	0.164000724	0.177556291	0.210087024	0.212012233	0.183478095	0.199243379	0.217403586	0.181092763	0.212465035	0.23951746	0.173497922	0.195204972	0.190059787	0.179303385	0.252048572	0.198034857	0.178284469	0.132475706	0.151282081	0.18379935	0.185628702	0.183427972	0.205530901	0.172614772	0.249571309	0.185669808	0.184620471	0.145089013	0.176817212	0.145703247	0.181923942	0.177675499	0.188071413	0.189130152	0.158549719	0.154558702	0.213732549	0.200372885	0.203184732	0.19507327	0.215882479	0.204428418	0.211067873	0.202332047	0.179908399	0.192279163	0.238486445	0.244570885	0.225954439	0.279326458	0.249418317	0.264855015	0.26745005	0.219763903	0.246145746	0.244102479	0.217133997	0	0.10319623	0.167717921	0.209910665	0.180332265	0.176267283	0.175957065	0.132295751	0.182018825	0.196712226	0.21408185	0.188529725	0.177698717	0.18076223	0.230085771	0.194346005	0.17027452	0.18092215	0.20854828	0.198413585	0.161416935	0.17554319	0.247904345	0.246097261	0.287126326	0.426675226	0.190326646	0.314438015	0.299274308	0.134904337	0.251616237	0.145435436	0.21269492	0.244454919	0.306481634	0.156895918	0.307769264	0.155776803	0.133726605	0.152391881	0.176326598	0.147775075	0.134997018	0.183136665	0.193622351	0.131167578	0.18484288	0.165286587	0.128391861	0.154113754	0.10703922	0.129393846	0.13980668	0.145182662	0.224348611	0.158365074	0.174864602	0.183647094	0.129729912	0.109626718	0.196480729	0.156560033	0.10815125	0.179320057	0.210054226	0.14847062	0.187100485	0.202995338	0.191963529	0.196666571	0.152308715	0.136343374	0.153526337	0.213612465	0.162763588	0.243403336	0.126774423	0.278826215	0.287893969	0.269002928	0.227966656	0.258731793	0.223535304	0.171441094	0.176969125	0.155915479	0.16147354	0.136188186	0.162311393	0.16194659	0.190702046	0.1902421	0.152148898	0.190818576	0.236888717	0.302810679	0.252977463	0.257358607	0.245247688	0.241343629	0.249216059	0.244059614	0.282281519	0.188648839	0.174951479	0.173997696	0.191150987	0.158734501	0.209339525	0.14279539	0.209964712	0.17821773	0.2033765	0.203152401	0.17239747	0.145054754	0.186550969	0.165865018	0.156291238	0.17285192	0.124745051	0.164691019	0.19173977	0.255805523	0.283902688	0.351108599	0.262413568	0.385273182	0.293603967	0.314165075	0.285028377	0.168336375	0.215873683	0.214933963	0.181937232	0.297599369	0.126830121	0.303764521	0.189642074	0.144631538	0.197214694	0.282965364	0.163219415	0.21982759	0.2213118	0.192923951	0.211363633	0.189144744	0.176647557	0.150135558	0.175479688	0.177116177	0.182220497	0.248201414	0.162221741	0.214579482	0.181154519	0.183393368	0.233069875	0.177506953	0.220600348
18S_TGP_17_2	0.165110331	0.168777766	0.146496929	0.187246467	0.173158863	0.163261836	0.190925356	0.200402477	0.284620587	0.21750147	0.216639565	0.231985072	0.18369831	0.214292761	0.229321367	0.224759632	0.200580848	0.186094059	0.2076318	0.212334991	0.237959047	0.23315994	0.185035362	0.189437645	0.234604367	0.215693483	0.223570224	0.25013181	0.168502929	0.1911215	0.192480558	0.177130296	0.245688491	0.204063871	0.19778408	0.136259256	0.137893564	0.199219866	0.202999228	0.170996331	0.213353296	0.175376699	0.210488809	0.170942426	0.196537542	0.127129811	0.161866709	0.117487347	0.18604427	0.153617152	0.160283608	0.157396373	0.146206541	0.130469563	0.226068438	0.214696149	0.220329284	0.202974094	0.228070865	0.207711718	0.215758715	0.208863318	0.201613371	0.214015517	0.237781684	0.249039685	0.207020638	0.26496998	0.239235752	0.248300576	0.261409553	0.205423787	0.234869198	0.224859754	0.222924582	0.10319623	0	0.156633181	0.22573475	0.178108518	0.203751825	0.185302169	0.110823037	0.190832612	0.221060152	0.211763817	0.192952267	0.189022347	0.19363083	0.209382378	0.183298626	0.183930534	0.182823944	0.212348127	0.201113986	0.19914111	0.180898268	0.263118746	0.227718458	0.284048374	0.410450609	0.213303683	0.306190887	0.287811396	0.142649457	0.255567254	0.174090583	0.215818016	0.246658468	0.296101897	0.169314829	0.312800731	0.155339022	0.13536219	0.165659223	0.197016577	0.158109893	0.146485326	0.16172392	0.200829296	0.145340673	0.199859813	0.197255506	0.111473659	0.181915213	0.080586615	0.114494103	0.146998319	0.128859665	0.232779051	0.180885304	0.18102302	0.206286329	0.168589639	0.146094631	0.209022712	0.195360142	0.144184447	0.225116544	0.222166471	0.186137958	0.199956513	0.217139755	0.192592734	0.199100534	0.177900363	0.14795741	0.170681836	0.222433708	0.191223229	0.253874274	0.163715762	0.284202193	0.288079871	0.275186277	0.231726505	0.265451675	0.228918531	0.187362627	0.207868065	0.168112378	0.174765633	0.158829804	0.207970202	0.192073304	0.204658438	0.209258633	0.177783784	0.207598511	0.240682915	0.304039685	0.258730246	0.264823252	0.252253999	0.243245798	0.257313582	0.25050657	0.289441604	0.21535212	0.179218001	0.173243696	0.193207657	0.189327665	0.201767963	0.186559466	0.222403555	0.190129797	0.219741472	0.240657603	0.196140309	0.176583215	0.222386675	0.206142371	0.191229694	0.216391002	0.168359849	0.204339329	0.235062427	0.237345232	0.278775333	0.319407601	0.240182457	0.366799006	0.275957703	0.298872897	0.265391348	0.155993854	0.189676424	0.221861459	0.189169986	0.287856036	0.158988507	0.288525519	0.201661041	0.164929613	0.180906355	0.2629542	0.192916642	0.232816838	0.234259975	0.205196233	0.223046708	0.190547237	0.167603076	0.186120962	0.187435951	0.21093378	0.205943281	0.267709509	0.200134444	0.235313919	0.196198211	0.209912471	0.240585252	0.197422871	0.243282685
18S_TGP_17_3	0.098901695	0.137535803	0.143654768	0.141617516	0.172235764	0.150881693	0.119642457	0.136417761	0.237267965	0.145545947	0.154758497	0.143240638	0.142143314	0.116730654	0.129375247	0.131043279	0.143268602	0.110534011	0.106642205	0.188532225	0.123239996	0.16621939	0.112283762	0.160674412	0.131232506	0.12509436	0.109881838	0.173161059	0.080381701	0.104639503	0.110738411	0.115775322	0.230371731	0.102363395	0.115781991	0.099826476	0.102190856	0.120300955	0.141953936	0.093821584	0.119901128	0.094632481	0.204770327	0.102022747	0.105909045	0.094190258	0.062788454	0.082259916	0.140565659	0.107002299	0.104720953	0.125898527	0.110032904	0.165957963	0.174463417	0.137942327	0.157125239	0.122468142	0.169568398	0.171100961	0.14546552	0.16575853	0.139472481	0.131895018	0.164054664	0.200148126	0.142564241	0.239417133	0.154342337	0.178815586	0.181944432	0.140690972	0.142957806	0.193257861	0.122560334	0.167717921	0.156633181	0	0.116913006	0.124417851	0.112143157	0.094700966	0.148996849	0.091792015	0.149146992	0.177370856	0.126188287	0.098446358	0.11736769	0.144587457	0.103765653	0.103578618	0.134279238	0.115785026	0.119246381	0.122847272	0.147773488	0.254219625	0.183291633	0.256350295	0.413911713	0.155533524	0.319691847	0.287786251	0.117894888	0.283473257	0.139449987	0.197140282	0.262271639	0.294136776	0.161492351	0.273676105	0.150572021	0.13750102	0.149792456	0.158060693	0.121432664	0.120606092	0.125685902	0.128868911	0.130949516	0.120399166	0.103987306	0.110370895	0.151107759	0.147199968	0.107095565	0.087482704	0.133366057	0.140748362	0.085807821	0.089086115	0.104801795	0.100453046	0.140243775	0.128442688	0.110195116	0.106138202	0.178884673	0.135558635	0.14059097	0.141556909	0.131402468	0.161706626	0.153190261	0.111069959	0.110878139	0.128314987	0.127240786	0.16119609	0.163639637	0.172487463	0.202018294	0.194992792	0.219707153	0.146716017	0.179675507	0.1686764	0.098648326	0.186150386	0.080053543	0.110152879	0.114280921	0.104108702	0.136848327	0.143903476	0.145721599	0.104968401	0.199627249	0.199753121	0.267504699	0.211599374	0.195525499	0.175122423	0.149787736	0.189632157	0.200972304	0.202403369	0.148328183	0.127668708	0.14341412	0.147742289	0.163689883	0.148878843	0.138454541	0.156736248	0.10081902	0.142341473	0.186380062	0.145746702	0.131192303	0.151550803	0.157123947	0.149660667	0.169888717	0.151537807	0.136738687	0.166184814	0.231022042	0.195792376	0.321371337	0.236500872	0.307146735	0.186828753	0.252740152	0.226149181	0.138988852	0.206831626	0.174900354	0.191664712	0.239285251	0.219672513	0.259367949	0.220898473	0.245828464	0.202730879	0.218764806	0.115895739	0.169665397	0.105545467	0.132261208	0.157338106	0.081576309	0.131608308	0.125681406	0.110494376	0.129986874	0.148287546	0.195077595	0.110305766	0.12400798	0.130940487	0.123801874	0.168158647	0.141156261	0.158802096
18S_TGP_17_4	0.098316221	0.151545064	0.172239105	0.13811698	0.219074183	0.169860081	0.155811406	0.106666027	0.170876125	0.109784366	0.123491477	0.106810445	0.125591642	0.09489805	0.116015051	0.117573568	0.131508805	0.113888339	0.112802125	0.162629148	0.067232464	0.123147773	0.130520273	0.194403849	0.085445018	0.113022125	0.103501781	0.20425041	0.134541889	0.165107061	0.164852354	0.161155635	0.286059511	0.165972837	0.155471433	0.120146106	0.172690802	0.122943397	0.191672967	0.145014724	0.11360748	0.1131322	0.26129636	0.149381411	0.088725243	0.164597625	0.139699221	0.14160331	0.181369447	0.189986982	0.166864604	0.172693263	0.135605827	0.23146273	0.145659542	0.11797099	0.110936352	0.131892298	0.140244587	0.191648202	0.131861025	0.146449696	0.138082805	0.09873135	0.131386165	0.140780387	0.185641072	0.224646562	0.139997957	0.173249735	0.15992455	0.129336569	0.150581446	0.195356088	0.122561391	0.209910665	0.22573475	0.116913006	0	0.11564987	0.112273102	0.100041937	0.192122509	0.069264333	0.160596347	0.141966155	0.107509725	0.103794889	0.1063123	0.190786564	0.138078465	0.125349724	0.179845898	0.088833641	0.128599093	0.116049448	0.176971154	0.301439614	0.189571125	0.278422877	0.439244504	0.181745053	0.359927592	0.314328038	0.147641792	0.33062456	0.149305783	0.218211961	0.296656264	0.308388211	0.19479795	0.294328884	0.191654365	0.16482517	0.138560002	0.127322247	0.122795618	0.128618698	0.152228368	0.126001847	0.145436809	0.102357485	0.089487618	0.161018372	0.182758132	0.18906398	0.151772956	0.126440832	0.206363474	0.080996186	0.094760294	0.111160396	0.089869883	0.103875536	0.136335112	0.075352027	0.096797961	0.141872829	0.132194335	0.072572729	0.147012004	0.088465879	0.069703667	0.119851127	0.098321014	0.113831757	0.135693626	0.104411436	0.090768105	0.146145044	0.131124667	0.141578943	0.144312865	0.149847821	0.142661646	0.101429325	0.128067687	0.111505821	0.100767406	0.202342004	0.096664601	0.137640953	0.139568627	0.093788541	0.122232319	0.094455608	0.108735122	0.120175751	0.14428849	0.143401696	0.191775181	0.136398672	0.122599786	0.104842208	0.119513515	0.121810055	0.149356443	0.146006739	0.109766722	0.114490841	0.143826333	0.122642902	0.152290044	0.125850152	0.136043927	0.098375235	0.102762996	0.08128605	0.185474264	0.147738657	0.153651303	0.163093892	0.157388426	0.154011347	0.184750997	0.152890474	0.135185867	0.177483934	0.215468983	0.179318299	0.334230097	0.218685693	0.3314376	0.196268323	0.259485034	0.216969842	0.160831405	0.213835114	0.129882632	0.164990296	0.205223789	0.243835197	0.23903272	0.167587198	0.29280617	0.214018243	0.222246739	0.130937848	0.115516252	0.095594086	0.104619797	0.191831645	0.093530628	0.15682817	0.151617149	0.107805513	0.117795336	0.154868797	0.129897179	0.125020755	0.092712479	0.133679123	0.106231033	0.125046788	0.127585001	0.101390719
18S_TGP_17_5	0.116943574	0.152868322	0.133862987	0.177185005	0.150767109	0.138395374	0.179424476	0.117377191	0.225517738	0.168339838	0.163318362	0.150713562	0.133422445	0.141315833	0.160001129	0.132300613	0.172141508	0.132742872	0.139427411	0.174576352	0.136077316	0.170400842	0.166052924	0.14755309	0.15071929	0.13658644	0.146781768	0.178014116	0.146267154	0.171664056	0.181688235	0.142681567	0.213533681	0.162219946	0.146198381	0.10693936	0.109239776	0.144092665	0.163792018	0.141208683	0.157619485	0.161330499	0.191569263	0.105266195	0.127282997	0.141745728	0.150699578	0.156736765	0.120832712	0.14250685	0.15165414	0.119346118	0.088905429	0.164031352	0.185436048	0.145486071	0.148665619	0.167519464	0.182766406	0.147127769	0.184304262	0.182518662	0.163333518	0.156279555	0.168245014	0.189415028	0.15149606	0.204580776	0.174208855	0.159308377	0.18421459	0.159319915	0.176329841	0.151827504	0.163088525	0.180332265	0.178108518	0.124417851	0.11564987	0	0.114929856	0.078688049	0.132455161	0.111338767	0.138753375	0.14826327	0.135768671	0.118617946	0.102930125	0.117011215	0.118943628	0.137300123	0.147214304	0.102069951	0.098807077	0.11814414	0.103177878	0.224610532	0.13956162	0.229615895	0.373610578	0.1220102	0.298165747	0.237346922	0.098776209	0.251364266	0.135136963	0.161921144	0.227318107	0.246751702	0.124584848	0.22253879	0.128143545	0.150584231	0.194537704	0.173814666	0.150426878	0.141431903	0.134097178	0.168782726	0.169165381	0.16755355	0.133662552	0.132912683	0.161987995	0.170257194	0.133100096	0.129363048	0.160018078	0.134123883	0.101948793	0.103960398	0.12846536	0.094605646	0.135205005	0.10210632	0.087131082	0.119778424	0.144116558	0.135128989	0.129363012	0.129472427	0.112304885	0.164135101	0.130412022	0.100728717	0.133609794	0.131720955	0.13735436	0.175353249	0.173486659	0.168665793	0.198837069	0.209405594	0.198977256	0.14088006	0.176056471	0.174050683	0.115158361	0.173737332	0.086980475	0.12562769	0.120116053	0.110713668	0.118092591	0.155769369	0.155185959	0.124886978	0.191062972	0.184947673	0.242451652	0.193897399	0.179066381	0.161388975	0.160757742	0.170843976	0.178946001	0.196325545	0.146753737	0.163567759	0.156381409	0.143543969	0.137079029	0.160232898	0.156818765	0.15938311	0.146702095	0.149587788	0.171837223	0.128511849	0.143656281	0.169280108	0.157303194	0.16734947	0.183061202	0.139255388	0.127427115	0.170195757	0.17755658	0.18979203	0.277339341	0.183754148	0.279913656	0.191949245	0.199572899	0.179696102	0.114652703	0.167416675	0.167448049	0.210561228	0.249361276	0.169709136	0.219738934	0.210099887	0.223961217	0.175939511	0.201225232	0.152660117	0.170089206	0.155394824	0.16552748	0.150494162	0.122284186	0.132109176	0.131411751	0.127265174	0.138797121	0.174790901	0.181048229	0.150327904	0.160019464	0.157208137	0.15070199	0.184715561	0.139621144	0.155067535
18S_TGP_17_6	0.123921007	0.181518269	0.161738145	0.157170087	0.195549866	0.177967024	0.179976338	0.117195847	0.221525518	0.148866129	0.144407999	0.123773514	0.136826196	0.118447271	0.087478848	0.085244415	0.152858039	0.065053395	0.100749314	0.157558753	0.120571318	0.152513171	0.139272395	0.163364476	0.126411704	0.117763733	0.133139659	0.193723297	0.140975692	0.117958459	0.15403191	0.172938646	0.249369979	0.122793713	0.156654585	0.119584908	0.147214235	0.129913851	0.162860195	0.157604542	0.143364677	0.119338149	0.236583937	0.132633412	0.116223865	0.13869832	0.135204846	0.147695197	0.151118393	0.166223204	0.095422301	0.154024597	0.140976901	0.207360695	0.16816501	0.132352378	0.135567143	0.161057467	0.169551886	0.186227731	0.179478674	0.155180629	0.1606548	0.139092885	0.129656765	0.190871754	0.17129284	0.257888973	0.14694197	0.168746986	0.172177963	0.13523684	0.169910127	0.200241945	0.09225108	0.176267283	0.203751825	0.112143157	0.112273102	0.114929856	0	0.125674136	0.173073263	0.097558383	0.133757274	0.144529965	0.141762595	0.08643562	0.058320958	0.131763071	0.106750889	0.084633839	0.14086686	0.097298778	0.119917844	0.106767478	0.151572368	0.26731295	0.189307238	0.274107297	0.420549175	0.158641128	0.340043876	0.289081533	0.120792899	0.300523476	0.118534514	0.198012452	0.276504998	0.298642175	0.171273701	0.258072175	0.177971039	0.175411947	0.181237481	0.15486115	0.131631349	0.139312729	0.148210127	0.14400731	0.166302668	0.112990921	0.10496532	0.14742526	0.142463048	0.170356314	0.153636184	0.114337552	0.190616508	0.092600714	0.084963497	0.081594326	0.100303897	0.078340405	0.122011648	0.106246668	0.0736982	0.09303468	0.128406831	0.109365884	0.109112906	0.126927113	0.119023025	0.153057201	0.124852946	0.075790114	0.136149075	0.128613847	0.081135015	0.122456712	0.119129261	0.165030093	0.171224777	0.182283798	0.199432745	0.095219488	0.129895436	0.118214888	0.080985477	0.161991183	0.097515343	0.122417955	0.10226784	0.07208857	0.117378501	0.152797412	0.147216589	0.100771492	0.19212615	0.185674237	0.245998023	0.19362264	0.169941437	0.154108478	0.161887349	0.170776407	0.181104334	0.17242281	0.130582559	0.134895371	0.137751633	0.135926898	0.134619815	0.145696393	0.130166646	0.156824991	0.103140775	0.143205354	0.141022591	0.091537829	0.111869208	0.12804482	0.137955778	0.142722282	0.152745919	0.129693455	0.110660034	0.149762494	0.234300086	0.194739725	0.318452958	0.241403208	0.299870938	0.217410583	0.244333486	0.235067986	0.168072739	0.227811019	0.163020796	0.210167473	0.258984441	0.235677164	0.272941693	0.214248707	0.277791708	0.216122493	0.248608359	0.133331339	0.167028982	0.116674944	0.143608368	0.179681782	0.092073658	0.152445547	0.114647989	0.127375781	0.107745103	0.162951642	0.169819423	0.091387636	0.130028163	0.138809368	0.120244619	0.178886181	0.124389483	0.158859175
18S_TGP_17_7	0.095319045	0.116890683	0.124812314	0.146295303	0.179135431	0.120032379	0.125110381	0.090342973	0.204725554	0.131158615	0.140286752	0.132245588	0.140620749	0.125298487	0.140163626	0.122430584	0.142610692	0.138133124	0.111871396	0.157920313	0.105838219	0.13100657	0.127714555	0.134557233	0.125176895	0.101504126	0.112839554	0.163497543	0.130239576	0.161237182	0.156329074	0.116730101	0.225766696	0.144512851	0.126078605	0.105574195	0.105321682	0.112095906	0.137239251	0.096135671	0.127155627	0.14479063	0.188454265	0.116048922	0.109968904	0.121409055	0.118020002	0.128395213	0.137979016	0.148759607	0.14849503	0.123022154	0.092431133	0.180895653	0.164283965	0.126032137	0.142656703	0.105257964	0.158845439	0.134272248	0.143803485	0.168351617	0.131664189	0.130612651	0.168288881	0.183988214	0.156937473	0.202020565	0.164479089	0.163547374	0.183726575	0.142707613	0.165046362	0.157988416	0.142690481	0.175957065	0.185302169	0.094700966	0.100041937	0.078688049	0.125674136	0	0.133601694	0.086717305	0.160069514	0.140870965	0.103543301	0.123551782	0.113007507	0.14188465	0.146742826	0.118978644	0.148125123	0.101945323	0.126450166	0.105883626	0.122852536	0.23645726	0.156440847	0.236820865	0.395716622	0.138621974	0.307514542	0.274001063	0.109876111	0.273683239	0.13129374	0.177782757	0.255500914	0.280002184	0.141035871	0.255024211	0.143357956	0.129949353	0.156093017	0.151455057	0.140140867	0.132393256	0.129686787	0.139812917	0.144828224	0.138852202	0.098013361	0.10826152	0.168672507	0.162000508	0.132947719	0.097888212	0.142952776	0.13425172	0.070075133	0.100089881	0.104948686	0.104126698	0.132048787	0.11068977	0.100182132	0.126075783	0.141938966	0.131091497	0.139305693	0.111767553	0.10699001	0.153541417	0.13909497	0.109723006	0.119740219	0.119365085	0.134391689	0.189087343	0.169941615	0.164862017	0.20001526	0.2057694	0.186579997	0.146198924	0.180319093	0.172761082	0.119441736	0.186248538	0.084250566	0.09393958	0.120638478	0.10576044	0.109414822	0.125310471	0.141567866	0.093814581	0.183357282	0.171474153	0.238895929	0.182396143	0.174809332	0.160639212	0.141984281	0.167861328	0.177624792	0.199939792	0.11018703	0.135495344	0.151241447	0.140814017	0.132640135	0.148497462	0.122097057	0.125588473	0.130517999	0.111512554	0.180134785	0.142438776	0.140975038	0.155248988	0.156451219	0.14953225	0.173077935	0.148527804	0.124102113	0.163320107	0.190087405	0.191252713	0.295719812	0.196021979	0.299679734	0.190664426	0.229269311	0.193299835	0.122980593	0.175658726	0.166778216	0.196779237	0.229449248	0.186346638	0.224173509	0.205431259	0.241161136	0.18121948	0.19176864	0.112225514	0.13626789	0.124271389	0.126602818	0.138820093	0.118780694	0.100446228	0.121575556	0.092755448	0.125265131	0.134200871	0.16124797	0.124176753	0.126577502	0.129761546	0.118171442	0.144634144	0.11507788	0.125223092
18S_TGP_17_9	0.155309967	0.139556495	0.109090192	0.198306874	0.157239688	0.126057741	0.198905689	0.151691832	0.242501211	0.200980436	0.208253522	0.200547212	0.151939961	0.180374723	0.20840103	0.176084623	0.196749682	0.169014073	0.182595161	0.165271491	0.192943149	0.194063753	0.18613825	0.160694538	0.195541531	0.170777053	0.203716095	0.206031724	0.17980186	0.216324409	0.221877689	0.16701901	0.227445796	0.217821544	0.183094878	0.163721	0.09708054	0.17581861	0.171217367	0.142684923	0.225038463	0.189180283	0.201727682	0.156463462	0.198921976	0.137463171	0.179732345	0.15129212	0.144773807	0.14876394	0.188512872	0.153549521	0.090585563	0.144223821	0.226321025	0.201031368	0.205011188	0.161203804	0.216529874	0.165958152	0.220323185	0.212255538	0.203322484	0.198508921	0.224718545	0.226105389	0.177083142	0.228095676	0.23408835	0.202737707	0.238610185	0.196735966	0.230281385	0.172389346	0.220052755	0.132295751	0.110823037	0.148996849	0.192122509	0.132455161	0.173073263	0.133601694	0	0.158064055	0.202619589	0.177761703	0.165075182	0.167019548	0.164626849	0.181160009	0.207458503	0.179010956	0.169268953	0.168306426	0.167456933	0.154558984	0.118797876	0.208968782	0.17118286	0.252243086	0.386508079	0.140239974	0.281878744	0.260177403	0.103554995	0.237198095	0.153056935	0.181040156	0.222585151	0.275413876	0.125953969	0.267833897	0.124935429	0.125607429	0.186804447	0.197258726	0.164663017	0.161937419	0.162747429	0.211667661	0.161845874	0.204853359	0.1774495	0.109209367	0.172062408	0.126377554	0.131653939	0.153096866	0.121173819	0.210669889	0.135886811	0.168715486	0.174616818	0.141822714	0.129363142	0.179570536	0.157252006	0.130857941	0.170401496	0.197465131	0.166670452	0.160959169	0.190565618	0.160704006	0.174138704	0.14056098	0.143669739	0.151194101	0.194145514	0.204707682	0.232212227	0.170323848	0.261523984	0.268240062	0.240702279	0.2116065	0.243024623	0.20887239	0.18673748	0.188462072	0.14973156	0.13522002	0.124147423	0.171712239	0.138951291	0.164784556	0.206741387	0.142313573	0.183855502	0.216460293	0.2695533	0.225287714	0.236324921	0.222470947	0.225024111	0.234231102	0.225962599	0.266387299	0.170520202	0.165986759	0.172364109	0.162447851	0.145856935	0.179171661	0.180751655	0.194708875	0.179368604	0.191581534	0.213315785	0.167569298	0.156135001	0.193638609	0.187634634	0.180430148	0.19449003	0.152058172	0.172118083	0.207141545	0.184604995	0.234793159	0.264986895	0.188614081	0.319084417	0.233458355	0.245163509	0.210474575	0.121225955	0.149713122	0.195481216	0.183286084	0.269239828	0.142123253	0.238492903	0.192267055	0.194000738	0.164842232	0.211665067	0.183087211	0.190515347	0.218841469	0.209457678	0.184817697	0.190756698	0.151960923	0.157145001	0.170336466	0.190801601	0.197641873	0.226240347	0.184296455	0.218783945	0.183757525	0.155416307	0.211938853	0.182102776	0.203643269
18S_TGP_18_1	0.098211653	0.150085476	0.15270906	0.140925496	0.190750605	0.150499792	0.147920604	0.105985632	0.185000553	0.132375446	0.135626429	0.112759608	0.111842815	0.093593516	0.115005199	0.111086963	0.141128409	0.090187985	0.111366181	0.152565577	0.091632096	0.126036768	0.118347942	0.166503313	0.091229554	0.098713413	0.093967681	0.190137236	0.108365205	0.134570164	0.135801205	0.137013883	0.246229421	0.138300848	0.146651532	0.11238732	0.14739885	0.099854686	0.166376982	0.113357918	0.117376938	0.114502866	0.222070304	0.115385891	0.086483288	0.13440552	0.113656685	0.118023253	0.161428592	0.152093876	0.116621602	0.139745262	0.105544314	0.195379443	0.156750419	0.12103383	0.131520725	0.117740854	0.156291683	0.184894258	0.144561184	0.151837909	0.143100016	0.12749976	0.118962652	0.142783706	0.147716284	0.213748975	0.113984264	0.143348539	0.150498418	0.111938634	0.1226279	0.160040684	0.108819474	0.182018825	0.190832612	0.091792015	0.069264333	0.111338767	0.097558383	0.086717305	0.158064055	0	0.134585411	0.118506183	0.064595409	0.065777677	0.072432959	0.144266734	0.105139465	0.095070465	0.127172558	0.082779187	0.110844129	0.109868531	0.154078389	0.261001927	0.157903544	0.248650024	0.414266504	0.144713237	0.32755956	0.292781264	0.123953367	0.305573265	0.116752593	0.191444188	0.273773747	0.29452211	0.169534141	0.272990347	0.164440772	0.14561251	0.152279863	0.137754168	0.116849893	0.115311651	0.1324936	0.124167397	0.147193355	0.118237719	0.095288346	0.130745982	0.153025997	0.161127784	0.119615694	0.096818736	0.168562992	0.082036185	0.075185766	0.075616426	0.075080829	0.096536027	0.127900258	0.079296267	0.08181335	0.113664115	0.13316545	0.092339261	0.127731115	0.100799925	0.081758664	0.114548678	0.102868374	0.078508486	0.103987229	0.100476575	0.08015549	0.14424373	0.131593393	0.133270367	0.15239814	0.149201546	0.159941562	0.104650011	0.126191535	0.120956912	0.088540437	0.177186416	0.062773288	0.097696707	0.105125888	0.087203467	0.098858175	0.102410749	0.134260026	0.093155978	0.153726784	0.139781604	0.208163073	0.153756057	0.130704447	0.108834659	0.113238923	0.126203779	0.144339828	0.155750767	0.11586059	0.123041572	0.129306374	0.116218788	0.131297423	0.105088923	0.139914111	0.12448733	0.109047935	0.104217015	0.176733264	0.125443867	0.128782648	0.156783097	0.14742051	0.153980527	0.168890315	0.153274722	0.117071462	0.166925992	0.197371136	0.163206139	0.296163342	0.21050769	0.293940016	0.167739237	0.231801736	0.192288123	0.126109925	0.18417827	0.124014633	0.157915153	0.20072698	0.220887647	0.236312118	0.17626653	0.255126563	0.184043844	0.205020907	0.121545964	0.123504233	0.099878163	0.11331915	0.17210952	0.060734242	0.129046692	0.127539741	0.100457682	0.124931861	0.148105472	0.145503719	0.113406198	0.113174811	0.127636668	0.103426056	0.129542397	0.126270913	0.124024394
18S_TGP_18_10	0.177987152	0.233176438	0.214355926	0.21301533	0.215143455	0.220113647	0.201822584	0.149694945	0.26452148	0.196386357	0.191008812	0.172163473	0.187383611	0.18266041	0.181374039	0.146766142	0.205030931	0.172621133	0.136998007	0.195799004	0.164393065	0.190588143	0.17646106	0.21023018	0.183359273	0.141982551	0.161996516	0.164041482	0.171834053	0.186433276	0.182464942	0.202442021	0.201678614	0.175768286	0.13789375	0.145379871	0.16909402	0.157571236	0.101833332	0.184905588	0.17360384	0.19191607	0.222172509	0.183822034	0.155570751	0.191720755	0.175290392	0.189994671	0.160506879	0.167949425	0.162812541	0.194466574	0.180612644	0.232946607	0.209477095	0.166288636	0.187473962	0.202179941	0.207034299	0.205313337	0.19873832	0.206634034	0.199625527	0.189197912	0.205123218	0.232096581	0.201323346	0.282356316	0.195110606	0.209879934	0.238281892	0.20781012	0.188560237	0.152010289	0.17982155	0.196712226	0.221060152	0.149146992	0.160596347	0.138753375	0.133757274	0.160069514	0.202619589	0.134585411	0	0.179432725	0.154498476	0.147189223	0.130436444	0.132691318	0.13782437	0.12222429	0.093531874	0.16911613	0.168188058	0.099258766	0.165912066	0.190020296	0.183590044	0.221796718	0.373442846	0.103125354	0.30482958	0.258597992	0.138722363	0.275109495	0.098482964	0.196512474	0.246336711	0.248448831	0.179596505	0.221697784	0.195190199	0.226704593	0.226255377	0.208491823	0.1849939	0.18397136	0.19959943	0.171873667	0.219475301	0.194439378	0.156859799	0.19284437	0.105451502	0.223581185	0.187749289	0.157845863	0.162860595	0.161843515	0.140429117	0.137236621	0.167409616	0.115402571	0.170630406	0.156896152	0.099693909	0.151013325	0.137880918	0.174984361	0.095944481	0.173057702	0.159334758	0.203201825	0.171031689	0.104238364	0.160639913	0.179206671	0.164405823	0.221705445	0.207208274	0.214586852	0.236237488	0.22171363	0.241503595	0.180096286	0.20527352	0.217066665	0.130947875	0.100996641	0.125039046	0.11718891	0.13904328	0.102812469	0.112288855	0.198397623	0.192116098	0.134508004	0.244730742	0.212916178	0.28387237	0.239047781	0.216306784	0.192064276	0.185287483	0.198320531	0.206099077	0.234015341	0.172448181	0.189307274	0.18835711	0.190271996	0.114772534	0.191324927	0.134749484	0.197021842	0.177426966	0.188217061	0.115162135	0.125854229	0.133857019	0.114400129	0.100726107	0.131903463	0.106216873	0.1292706	0.076998522	0.095086252	0.249050632	0.244587203	0.291980217	0.247690966	0.273026265	0.231991535	0.210964534	0.230024996	0.17698244	0.179107677	0.184477542	0.234948837	0.272695508	0.268067903	0.307256437	0.26866982	0.286792599	0.178623406	0.258322689	0.155022655	0.21227378	0.155214223	0.175093435	0.127420278	0.122114631	0.182530808	0.10389786	0.171101237	0.154717969	0.194320156	0.217802671	0.147362383	0.175457254	0.189278674	0.180656316	0.206839281	0.162288645	0.198540441
18S_TGP_18_2	0.154602696	0.196501032	0.175409612	0.186385012	0.23541236	0.190057134	0.205944849	0.130970621	0.128812805	0.173652938	0.172633322	0.160724657	0.095966361	0.157953071	0.183036642	0.150133373	0.180924344	0.154430945	0.170786082	0.0887651	0.159633073	0.092361804	0.168397133	0.174774081	0.154583404	0.125848229	0.152479766	0.254562716	0.187253598	0.217529247	0.215119565	0.19903562	0.282951867	0.22254091	0.222244959	0.15884373	0.175270463	0.155317246	0.207269942	0.157250055	0.194738094	0.185877236	0.249000779	0.187553634	0.167681472	0.206182986	0.200830517	0.184732573	0.213114685	0.216617157	0.182550135	0.185442856	0.155426931	0.23033957	0.190817246	0.159863895	0.172924139	0.145318821	0.187779517	0.209750725	0.201680608	0.180904647	0.188871019	0.188981928	0.152424148	0.124977546	0.213719645	0.192244302	0.161934408	0.133423588	0.16615586	0.184008819	0.19220041	0.189144681	0.19859215	0.21408185	0.211763817	0.177370856	0.141966155	0.14826327	0.144529965	0.140870965	0.177761703	0.118506183	0.179432725	0	0.109579662	0.133953928	0.121455641	0.188565217	0.17773356	0.170825029	0.147632073	0.167106871	0.188393938	0.154595751	0.187166217	0.287298022	0.173723261	0.296922278	0.430444742	0.197729889	0.354094408	0.316171897	0.162253366	0.325546546	0.162202159	0.233877999	0.299086341	0.314878778	0.209187219	0.308314594	0.207725953	0.196563478	0.209163001	0.191353061	0.175968115	0.173372918	0.188036382	0.193537661	0.185672993	0.190747454	0.160116306	0.182502635	0.207167287	0.187774472	0.193790321	0.166007327	0.203710698	0.147362053	0.120226559	0.146824607	0.158230724	0.147071931	0.151804061	0.117483292	0.13975815	0.16440078	0.116470459	0.143054214	0.163976355	0.116293365	0.119261817	0.101450473	0.078715977	0.129469154	0.157049931	0.150298023	0.138295572	0.214790485	0.19716273	0.180051934	0.165983811	0.166708386	0.124899801	0.171231684	0.172829297	0.158844253	0.155600053	0.200814616	0.136363708	0.147513077	0.132186782	0.1584106	0.113740512	0.147712514	0.199214493	0.130206822	0.12263649	0.124922664	0.149012121	0.106041206	0.145323847	0.14736515	0.173639204	0.152231863	0.139887776	0.169154393	0.150071605	0.150502438	0.152045699	0.145239447	0.135216529	0.086889293	0.176072013	0.164986791	0.163543292	0.148559128	0.20958131	0.148065166	0.163410296	0.184302546	0.192220917	0.192960132	0.206336146	0.179577148	0.164235954	0.213075611	0.154726061	0.134947312	0.288393627	0.172110934	0.341633086	0.148221466	0.268493497	0.145399376	0.163805304	0.176290271	0.147844671	0.162531147	0.1938591	0.233581805	0.211256057	0.163925666	0.279913507	0.201745507	0.174814664	0.181781997	0.116668762	0.185233479	0.173543833	0.226666316	0.161570174	0.157351381	0.176215567	0.154810364	0.179697454	0.190510123	0.099695803	0.177471672	0.189807793	0.169951209	0.143551217	0.140308371	0.154876691	0.11572843
18S_TGP_18_3	0.11481531	0.154532316	0.161125255	0.154833315	0.222517795	0.151421989	0.144763847	0.104534761	0.18477808	0.144571048	0.14737011	0.140102641	0.118001849	0.129156689	0.1486912	0.15180687	0.147566582	0.140879007	0.135984651	0.153831034	0.123545188	0.117784447	0.120081958	0.153434791	0.12105402	0.110359949	0.087982307	0.208953287	0.130265468	0.17210076	0.171322666	0.142485758	0.245313168	0.171256211	0.165612177	0.130371634	0.147514293	0.113057716	0.185002349	0.135123017	0.148790164	0.157613674	0.217549891	0.148770466	0.123747404	0.173859703	0.149738645	0.141692072	0.187029549	0.181242842	0.151363185	0.153403259	0.103230278	0.20161633	0.155303925	0.12662699	0.142758291	0.11939443	0.15864222	0.173984498	0.140935802	0.151746106	0.142230623	0.155059183	0.133073311	0.14647061	0.172269759	0.18639469	0.123306485	0.145557997	0.155978062	0.124037327	0.134816025	0.163701028	0.159512019	0.188529725	0.192952267	0.126188287	0.107509725	0.135768671	0.141762595	0.103543301	0.165075182	0.064595409	0.154498476	0.109579662	0	0.107058089	0.102314232	0.170486099	0.143095654	0.133161589	0.116908152	0.115011146	0.146046621	0.113972789	0.163920991	0.256361281	0.157072949	0.26119693	0.408743928	0.162793177	0.330594556	0.297145981	0.125283181	0.308090421	0.131396797	0.197488011	0.277414688	0.298086709	0.173184319	0.286511553	0.178622366	0.155126718	0.168559185	0.159842899	0.157325505	0.146957399	0.158442943	0.146891233	0.15710113	0.15963276	0.12423544	0.143814874	0.188993661	0.163534739	0.137924584	0.11907966	0.163325149	0.116569494	0.10069783	0.105567457	0.115523088	0.134580241	0.129453401	0.09012578	0.119882909	0.151409402	0.115624536	0.111156771	0.142119881	0.101412139	0.085957508	0.108017055	0.112669359	0.123988167	0.113100365	0.117386777	0.105776752	0.184632642	0.165207173	0.144295331	0.1611266	0.158852928	0.148305996	0.132920699	0.13185149	0.148687042	0.132634162	0.189476407	0.085519892	0.103146836	0.108964494	0.124021959	0.095658653	0.125543027	0.157182043	0.093500413	0.154317303	0.115917974	0.189358178	0.146742243	0.133609583	0.113924552	0.104950815	0.116739089	0.112224792	0.158653752	0.090036417	0.120983795	0.12499046	0.116691898	0.112599573	0.103014485	0.137557662	0.101210244	0.13241038	0.092611208	0.189750511	0.135483104	0.145303916	0.159466616	0.171619587	0.16600487	0.182596534	0.160654143	0.136647332	0.190772782	0.18613925	0.183464852	0.288837263	0.180825638	0.321892214	0.182313151	0.250642187	0.196831628	0.123715266	0.17453302	0.138352807	0.147269946	0.178066517	0.222218495	0.207819866	0.166438074	0.25629643	0.171751894	0.176258578	0.132305053	0.115014714	0.128615782	0.124332254	0.17138201	0.102366406	0.127730535	0.155529096	0.114997398	0.162991869	0.144637598	0.150977165	0.147141384	0.140774071	0.13930282	0.124598484	0.118826262	0.120508655	0.102686042
18S_TGP_18_4	0.110932105	0.162603713	0.168109965	0.15072295	0.194906316	0.170049625	0.171412219	0.131656589	0.211155447	0.144488547	0.147221337	0.120410182	0.129323186	0.107265776	0.109187326	0.117030978	0.147911756	0.07952625	0.12342247	0.182772479	0.123783652	0.155633049	0.127374778	0.165684337	0.113892524	0.136262815	0.124689558	0.210082171	0.117421708	0.146986315	0.153765832	0.157393857	0.263791735	0.146340817	0.176779065	0.128907385	0.148003402	0.128704296	0.188637537	0.150418514	0.146232896	0.103865743	0.233699799	0.119394843	0.10516054	0.133047897	0.127014027	0.117958017	0.169413403	0.159453487	0.111605251	0.149664696	0.120883616	0.198342446	0.167781653	0.132720659	0.14231286	0.153083522	0.165838143	0.199097936	0.169656337	0.155693014	0.158269952	0.13783618	0.128331244	0.154860892	0.151588086	0.238613836	0.126215119	0.161012345	0.149261947	0.129259745	0.146431552	0.187342035	0.114647912	0.177698717	0.189022347	0.098446358	0.103794889	0.118617946	0.08643562	0.123551782	0.167019548	0.065777677	0.147189223	0.133953928	0.107058089	0	0.072987889	0.134548032	0.09614687	0.115244939	0.129110529	0.091103296	0.11507772	0.121116176	0.156363826	0.263173769	0.167823647	0.273607134	0.428908234	0.16130442	0.342513205	0.295056934	0.127511562	0.300806868	0.134455616	0.210345324	0.278620502	0.303815563	0.178930297	0.277789889	0.173624446	0.157563485	0.158267375	0.149231228	0.117498793	0.114621816	0.136271343	0.137192872	0.148277084	0.121224243	0.102296564	0.131307015	0.153220869	0.135944377	0.131754379	0.117585858	0.187395527	0.091069365	0.091638739	0.080283932	0.085892858	0.093346274	0.117097277	0.079562655	0.088068177	0.101783701	0.152217724	0.09507056	0.126699492	0.130347463	0.101767623	0.101445161	0.118852136	0.088001931	0.121738091	0.100386767	0.080796666	0.121799885	0.116782973	0.129960071	0.159892504	0.167496175	0.184639051	0.105811731	0.118920898	0.132581227	0.090137496	0.175789832	0.07180961	0.122401088	0.087461042	0.090930355	0.125049347	0.129892859	0.142418283	0.088380481	0.170245503	0.165130808	0.231163385	0.177906754	0.146382808	0.124565783	0.130939974	0.140296902	0.162942113	0.163305582	0.129487828	0.110574005	0.104462059	0.095431764	0.126119358	0.107317498	0.156100748	0.145866586	0.078939058	0.126610273	0.179320825	0.116408826	0.130118173	0.153492663	0.160788217	0.168478983	0.173471407	0.153279987	0.12443605	0.174289027	0.228926121	0.173862092	0.301232255	0.239270602	0.299597923	0.193022638	0.23760377	0.222190918	0.152552855	0.206395631	0.146498023	0.174697873	0.235056735	0.223792273	0.260818636	0.186053809	0.24963659	0.200844148	0.242561322	0.148288371	0.152231769	0.109333566	0.135986191	0.197477179	0.081521276	0.15278643	0.13805542	0.123440662	0.140868574	0.168362619	0.164984865	0.11501666	0.120384958	0.136158746	0.099447693	0.165054379	0.13704786	0.14572467
18S_TGP_18_5	0.11032953	0.180897559	0.170042579	0.167164844	0.186870832	0.169774555	0.189977332	0.107710114	0.217881672	0.158684352	0.163150373	0.139536183	0.131826739	0.128954649	0.106013368	0.103014468	0.169797333	0.076483336	0.107321557	0.154249466	0.116285948	0.150683059	0.15616465	0.171765567	0.117674748	0.126867678	0.112471263	0.19848099	0.152435884	0.128412925	0.153570027	0.179799289	0.247257902	0.13547259	0.164962486	0.127490824	0.152918116	0.13085653	0.1718308	0.150449019	0.15272244	0.129004982	0.232440064	0.138267115	0.121368932	0.143126957	0.137000453	0.153895746	0.153272645	0.163350802	0.10637653	0.160951448	0.116404396	0.206951666	0.181107416	0.137481027	0.15669189	0.158149156	0.179914947	0.187893272	0.191142048	0.174010829	0.173211815	0.151813229	0.100072512	0.161779063	0.158002805	0.221559741	0.109374412	0.13705927	0.136000637	0.110718774	0.131132477	0.164008581	0.116504367	0.18076223	0.19363083	0.11736769	0.1063123	0.102930125	0.058320958	0.113007507	0.164626849	0.072432959	0.130436444	0.121455641	0.102314232	0.072987889	0	0.126979446	0.109432716	0.076002766	0.125913703	0.080882497	0.126524494	0.105453327	0.15846408	0.264950503	0.160594366	0.255435138	0.411823361	0.147123954	0.328916369	0.285343519	0.122329491	0.297597787	0.117301269	0.195899632	0.273815309	0.289245669	0.171975784	0.264001296	0.167081955	0.180939375	0.191344893	0.163681317	0.140281058	0.138343147	0.154203786	0.160378729	0.171026608	0.121153728	0.123342421	0.156772271	0.146149574	0.178388362	0.157861246	0.118599648	0.184891296	0.086837453	0.086321232	0.074378075	0.083874765	0.086546544	0.118975111	0.100438357	0.072849371	0.10277301	0.120661911	0.10485997	0.105955707	0.114041266	0.093308851	0.131601024	0.116479614	0.071019546	0.12011054	0.11384595	0.079596655	0.121514876	0.115104237	0.145053769	0.150121205	0.165202369	0.182162158	0.087883372	0.107398134	0.109025166	0.090933863	0.156178303	0.095972097	0.12342646	0.101147557	0.087099808	0.104977023	0.143818357	0.16499541	0.108233334	0.176966941	0.152382033	0.229442064	0.17576074	0.145111512	0.130800987	0.13248871	0.142328237	0.151202989	0.151100909	0.126051646	0.146021324	0.144470712	0.134711175	0.117466198	0.133242695	0.152485094	0.143685672	0.119461571	0.128522838	0.152884405	0.09401528	0.117499578	0.142319059	0.139863033	0.149449654	0.157270815	0.135903685	0.111877186	0.152983927	0.206480212	0.178502587	0.295873722	0.204857736	0.285024138	0.195649399	0.223115079	0.209645188	0.13586189	0.196258174	0.136292621	0.191718893	0.235791965	0.223428771	0.244658614	0.197655433	0.259499072	0.174550839	0.225232129	0.144507686	0.154588334	0.119572701	0.15486346	0.182808968	0.097792168	0.14325095	0.123073714	0.128630828	0.129078024	0.17616572	0.171885698	0.111103303	0.143256698	0.151330193	0.126086173	0.176065627	0.131097569	0.145388043
18S_TGP_18_6	0.181586317	0.213948509	0.182053896	0.219792796	0.141229372	0.176391257	0.217466841	0.193561349	0.284740319	0.220418915	0.21726331	0.196848026	0.20079924	0.193538241	0.177931414	0.171399049	0.22488583	0.150100675	0.169426878	0.232086528	0.199056872	0.223877442	0.198281797	0.161025886	0.189738024	0.186953029	0.182768961	0.126334869	0.181817037	0.176375081	0.184392933	0.194331374	0.18183058	0.178643158	0.166721867	0.165739449	0.14818656	0.188739656	0.150235812	0.181289623	0.195822253	0.176853373	0.162030506	0.141606683	0.173196802	0.14964646	0.164193645	0.1762138	0.114367952	0.09980236	0.149550154	0.158941461	0.143308739	0.185379356	0.232892292	0.194528879	0.21220289	0.219375852	0.233287938	0.16417887	0.226801546	0.224617716	0.218973138	0.213024692	0.197718705	0.246197156	0.171954541	0.237531722	0.193358227	0.164322862	0.215307913	0.180635962	0.192353619	0.122733544	0.178084945	0.230085771	0.209382378	0.144587457	0.190786564	0.117011215	0.131763071	0.14188465	0.181160009	0.144266734	0.132691318	0.188565217	0.170486099	0.134548032	0.126979446	0	0.150900293	0.121414376	0.124481435	0.146185041	0.128738866	0.140321016	0.119785224	0.200503612	0.113346866	0.191497838	0.335720778	0.095582454	0.260270079	0.223710124	0.14142436	0.233016312	0.132436701	0.150346117	0.213465985	0.225562909	0.142991933	0.202403699	0.149129343	0.202144227	0.240677163	0.224894264	0.195031476	0.194696957	0.173409191	0.207375372	0.222299709	0.185971294	0.183714725	0.184616146	0.160695493	0.203693694	0.186035546	0.160229838	0.159636385	0.167909487	0.149405906	0.125390814	0.165349996	0.154029708	0.201826701	0.167167552	0.142158758	0.148990937	0.201206035	0.183503323	0.161082613	0.204680855	0.180789537	0.208184034	0.190092889	0.131408973	0.182996982	0.195813888	0.153667792	0.205538335	0.204770345	0.223146409	0.229551161	0.235105398	0.262086475	0.175026609	0.205772451	0.20287654	0.151623408	0.171790651	0.15177057	0.142843973	0.155104765	0.151560236	0.155064078	0.22537888	0.226898386	0.164143345	0.253661923	0.239557792	0.304481469	0.257974455	0.233395549	0.213816362	0.197887012	0.227999716	0.231396627	0.231056332	0.20571096	0.184390908	0.189426249	0.192419669	0.1680233	0.18805032	0.190903538	0.219035288	0.170985535	0.208777097	0.16779933	0.154396519	0.162189686	0.156183092	0.161315045	0.179457805	0.170107886	0.181412055	0.139146103	0.163656894	0.202238135	0.228661546	0.240149615	0.220324678	0.221246198	0.214529298	0.168819539	0.188236777	0.158329944	0.139960687	0.203504323	0.259167051	0.29692374	0.196157364	0.263462209	0.275499214	0.234488985	0.169423215	0.253486553	0.198387733	0.232517331	0.183988836	0.198690186	0.12456732	0.140898694	0.176202945	0.138059886	0.178185124	0.192514757	0.221883935	0.245357979	0.170465165	0.195565562	0.203522214	0.193515023	0.234332991	0.19336116	0.229710314
18S_TGP_18_7	0.145674935	0.191753353	0.182209527	0.168477352	0.19217733	0.193006121	0.153801394	0.167457805	0.249353611	0.177604241	0.168126008	0.164933317	0.159721064	0.149458735	0.141909864	0.138858992	0.167998788	0.11676357	0.143749323	0.2142236	0.162404999	0.186869685	0.14499494	0.181065228	0.155585241	0.151486069	0.142620763	0.207244035	0.1107295	0.109295796	0.123743822	0.133163004	0.242782467	0.103097235	0.152539857	0.105421498	0.161068778	0.157050726	0.189507341	0.148425722	0.128530504	0.123153938	0.225297668	0.104411905	0.118834883	0.121203891	0.099346834	0.134765654	0.179158114	0.148864956	0.090925042	0.136903651	0.155630048	0.176389531	0.18128482	0.158694261	0.165156939	0.178860259	0.190752395	0.199552816	0.167932751	0.169305831	0.167109447	0.177204367	0.143833503	0.196313077	0.129699861	0.257850429	0.118052368	0.147709927	0.171902156	0.145427957	0.134095509	0.18466124	0.125173964	0.194346005	0.183298626	0.103765653	0.138078465	0.118943628	0.106750889	0.146742826	0.207458503	0.105139465	0.13782437	0.17773356	0.143095654	0.09614687	0.109432716	0.150900293	0	0.110805471	0.140015735	0.114228831	0.09732303	0.157118371	0.172269356	0.265068049	0.206747892	0.266608256	0.415960662	0.184590896	0.341542527	0.28160174	0.142915986	0.301720894	0.155751427	0.210495491	0.274601118	0.285618539	0.178436196	0.270914255	0.182512388	0.169567416	0.176059826	0.172745987	0.135662036	0.14074213	0.143604506	0.14508123	0.167899751	0.128663473	0.136125267	0.140824007	0.174935456	0.169416053	0.125701067	0.118707921	0.173149997	0.128378444	0.133947201	0.094852547	0.137040736	0.12214911	0.164363643	0.133311102	0.110407322	0.130596807	0.19064354	0.149099611	0.153001488	0.16320863	0.144531847	0.177293418	0.153191715	0.120020138	0.129897289	0.157449935	0.124857303	0.156452239	0.137963058	0.187428252	0.191249654	0.181051486	0.224528798	0.132202089	0.145698101	0.162656175	0.087032064	0.209623518	0.101059299	0.134839797	0.149038762	0.117110194	0.156665808	0.170931997	0.144940603	0.139760285	0.216350969	0.198998648	0.268845679	0.219962107	0.184008953	0.163159604	0.137620388	0.179085522	0.199897802	0.191348109	0.174192623	0.163923512	0.155852025	0.166359936	0.176252156	0.166568924	0.154668226	0.179667943	0.13793009	0.168348775	0.189683418	0.151381987	0.162611697	0.182139603	0.17406118	0.177046894	0.197968124	0.170000274	0.153439411	0.193248077	0.238205418	0.191146018	0.330107228	0.257430555	0.277004804	0.167039186	0.234482876	0.222986034	0.157341168	0.211088393	0.184275121	0.195308739	0.243165927	0.244517609	0.279110936	0.234380514	0.232179304	0.22221941	0.235474905	0.14909465	0.202308448	0.131349749	0.146970424	0.191777679	0.071022508	0.164597323	0.151878982	0.135117383	0.14993423	0.172856885	0.209216096	0.134373437	0.159091721	0.167499014	0.171411436	0.189327969	0.159177429	0.193733468
18S_TGP_18_8	0.12651158	0.176204646	0.167838176	0.149877478	0.172594777	0.163806939	0.150632225	0.129734397	0.238918585	0.146249094	0.144502161	0.139327598	0.168395645	0.142282171	0.117043085	0.111349695	0.152276359	0.108064353	0.089076318	0.181523524	0.125588583	0.161373093	0.137497429	0.159624557	0.129084221	0.126268911	0.117296625	0.144574377	0.131577011	0.112549929	0.122725407	0.153624076	0.228119391	0.11551289	0.108276823	0.102605132	0.12719996	0.122164413	0.138546477	0.150637622	0.115815343	0.110186268	0.204282377	0.133476764	0.10499518	0.120370116	0.108661621	0.132851918	0.133286393	0.123743429	0.101292909	0.154261823	0.137630371	0.203312447	0.16030607	0.129440478	0.152083999	0.162812396	0.16290371	0.147482101	0.152799271	0.164728206	0.142279322	0.143404983	0.148615813	0.209623949	0.18188687	0.257964039	0.148345893	0.168582511	0.181627753	0.149358147	0.162070715	0.179728417	0.112110936	0.17027452	0.183930534	0.103578618	0.125349724	0.137300123	0.084633839	0.118978644	0.179010956	0.095070465	0.12222429	0.170825029	0.133161589	0.115244939	0.076002766	0.121414376	0.110805471	0	0.135001581	0.107463352	0.124139514	0.102760681	0.150758158	0.246774383	0.186774667	0.222652633	0.387549241	0.146222023	0.302911501	0.27391268	0.11295729	0.281478295	0.093199147	0.168760973	0.252624261	0.268776742	0.142994319	0.24661231	0.138568185	0.15896475	0.164326757	0.148512571	0.128564965	0.134155486	0.149563402	0.127749607	0.154206985	0.097511428	0.106265606	0.145909765	0.133516928	0.181135011	0.147040954	0.102679551	0.148667215	0.122633072	0.10184189	0.101683709	0.110340313	0.101960086	0.151038479	0.149003846	0.09580851	0.118041785	0.153831704	0.146097344	0.116925132	0.146191037	0.13626258	0.187353678	0.162543209	0.087476252	0.145138504	0.152532339	0.125946243	0.159134695	0.146108488	0.188773509	0.191350632	0.198464101	0.216899462	0.11659335	0.155352834	0.155485951	0.079342481	0.168334707	0.112860345	0.09650715	0.118476992	0.097748128	0.123293307	0.16464865	0.147339924	0.114024201	0.218156933	0.193888987	0.268898267	0.210849728	0.187140457	0.171824078	0.148052647	0.182297325	0.192277791	0.189896868	0.144217527	0.1431124	0.156294323	0.170106121	0.150169704	0.173614021	0.121959414	0.154739225	0.124089798	0.143485285	0.139958168	0.117891451	0.113489303	0.120410994	0.118541483	0.117124737	0.140981976	0.13463927	0.10850844	0.127994824	0.229840695	0.213610889	0.323000933	0.224099474	0.27844235	0.219111183	0.23336005	0.215905502	0.166442552	0.205092667	0.176088044	0.228794083	0.260745427	0.236830778	0.281483541	0.24342446	0.250833972	0.202424474	0.247068626	0.11104389	0.172841094	0.113652498	0.116763588	0.137790109	0.090275953	0.142023856	0.103867187	0.1162277	0.108676417	0.13720896	0.195877074	0.096649123	0.125710202	0.138829033	0.148413858	0.181839272	0.134876367	0.173691218
18S_TGP_18_9	0.16147125	0.197460066	0.179953854	0.192250862	0.204091379	0.182885995	0.170535139	0.149491027	0.25145621	0.184860064	0.190180909	0.186886351	0.15971058	0.193493344	0.198233579	0.180173275	0.192547504	0.171212225	0.167576519	0.190459032	0.191404383	0.189263375	0.158591428	0.174082531	0.190677151	0.159848749	0.176825776	0.185541719	0.141225267	0.164070187	0.168970351	0.152727438	0.177299634	0.166071424	0.151568847	0.141269056	0.133255996	0.146183657	0.133478235	0.153953988	0.17461234	0.191858358	0.195533049	0.171037055	0.15222103	0.177609484	0.154632826	0.159895368	0.143293946	0.152433899	0.15917113	0.164592816	0.14597284	0.182574362	0.201609746	0.173793507	0.177993838	0.169822248	0.203087906	0.186987526	0.185960681	0.191377114	0.1805592	0.190227278	0.204363136	0.223446215	0.172638863	0.254009566	0.192350004	0.206272207	0.230273483	0.199594023	0.174864572	0.138533609	0.180614435	0.18092215	0.182823944	0.134279238	0.179845898	0.147214304	0.14086686	0.148125123	0.169268953	0.127172558	0.093531874	0.147632073	0.116908152	0.129110529	0.125913703	0.124481435	0.140015735	0.135001581	0	0.169390252	0.172271451	0.103744977	0.151057576	0.202299934	0.15311174	0.22525775	0.365084863	0.122190365	0.281418645	0.246964479	0.113077697	0.260134057	0.09219604	0.164651729	0.233264694	0.241216423	0.15363843	0.239058498	0.174257285	0.190131567	0.202218489	0.196517476	0.18724949	0.179528218	0.178428594	0.181150829	0.186645618	0.203769819	0.166514897	0.164466563	0.130706045	0.171335867	0.153443087	0.136172269	0.123957128	0.178163693	0.134382152	0.126953576	0.170349214	0.140384692	0.159470084	0.154000039	0.129020777	0.163496515	0.158771643	0.176300635	0.134772465	0.167750789	0.170958187	0.174303362	0.164706183	0.122788233	0.141018044	0.17036108	0.170869075	0.223706278	0.209924741	0.205568496	0.247248727	0.23519385	0.241366113	0.195755815	0.212748503	0.222021633	0.155443934	0.135849939	0.116238973	0.100239214	0.12100194	0.144453216	0.111898742	0.180527531	0.192264049	0.115682371	0.224284635	0.199967137	0.275499441	0.228257474	0.21869018	0.20144364	0.187409959	0.207328952	0.202622878	0.250645698	0.169679192	0.15479861	0.166630026	0.166526955	0.125730827	0.16505352	0.145434459	0.18138961	0.16240651	0.171449763	0.153323487	0.131654758	0.133542082	0.129192747	0.13387307	0.14022287	0.133586531	0.143419164	0.099272963	0.143249836	0.220072569	0.242054144	0.254255553	0.219790124	0.283534639	0.217138343	0.216242982	0.219604743	0.153697671	0.150506618	0.183877328	0.202892054	0.238456175	0.230871011	0.278710251	0.2445044	0.244184444	0.156039056	0.223317487	0.155081828	0.200905687	0.173631595	0.171796782	0.125980577	0.136022536	0.151720647	0.122849609	0.154111661	0.180289481	0.186571363	0.227136609	0.172792221	0.198424231	0.176207269	0.1746401	0.193369689	0.162019724	0.199301872
18S_TGP_19_1	0.109137691	0.146598587	0.154858213	0.161507291	0.186205758	0.152865043	0.160091837	0.124260124	0.207941241	0.145821901	0.147999911	0.130938893	0.14915634	0.127863436	0.102854192	0.11469721	0.163129523	0.100593305	0.12600144	0.196863769	0.115288158	0.154151576	0.156905259	0.16293427	0.097747906	0.135904598	0.11318858	0.191693675	0.125813892	0.130720967	0.160895586	0.139685541	0.256476865	0.129914369	0.150470485	0.135858265	0.152124597	0.141620709	0.180245171	0.136287631	0.133871719	0.125605069	0.228844862	0.106639434	0.103490554	0.13557731	0.13360313	0.150141815	0.161476867	0.168635886	0.138239517	0.136454142	0.114092037	0.20374715	0.165408871	0.134459852	0.132787764	0.154373703	0.164755843	0.170186766	0.156133287	0.165556115	0.143890648	0.143715548	0.116968015	0.16515654	0.149370034	0.209113911	0.116359714	0.1323855	0.117988806	0.094064583	0.136412351	0.172832341	0.109430282	0.20854828	0.212348127	0.115785026	0.088833641	0.102069951	0.097298778	0.101945323	0.168306426	0.082779187	0.16911613	0.167106871	0.115011146	0.091103296	0.080882497	0.146185041	0.114228831	0.107463352	0.169390252	0	0.088601893	0.13625359	0.155129069	0.269332619	0.174476507	0.250434884	0.408860761	0.148862602	0.333642911	0.29287298	0.126482169	0.306943738	0.15886085	0.192450255	0.268991073	0.287084707	0.168743938	0.260399278	0.167322419	0.145247707	0.182038098	0.151924848	0.144357751	0.138140635	0.120245273	0.146534771	0.158078413	0.117645849	0.122389132	0.138081804	0.187169409	0.168984708	0.132487095	0.123630748	0.181923116	0.080577928	0.102133769	0.087717746	0.090753801	0.12714467	0.156748188	0.09800685	0.101385589	0.138120307	0.157941592	0.106675865	0.153543794	0.123588689	0.100391983	0.152460988	0.13230405	0.117154911	0.143125286	0.134550099	0.095409483	0.135452562	0.107902312	0.160169609	0.151641101	0.162249975	0.173835074	0.080446275	0.11329991	0.120830707	0.10743155	0.214072275	0.099362452	0.147132985	0.14237647	0.114585177	0.146316514	0.145938684	0.154155479	0.134055063	0.183976248	0.168141096	0.226672472	0.173189767	0.142237405	0.125227071	0.129505112	0.140912953	0.165067686	0.147966216	0.132906102	0.16123812	0.157054029	0.134747816	0.16602174	0.156689637	0.17554098	0.139219604	0.129923164	0.119835227	0.182613115	0.14377888	0.168244095	0.183744453	0.173397375	0.189938962	0.199826528	0.173913277	0.149091932	0.185877658	0.200016866	0.159154787	0.31158905	0.207619323	0.276234669	0.170156359	0.219186368	0.204446384	0.1467564	0.203520239	0.159633805	0.200306998	0.227603506	0.220383781	0.224697124	0.205245802	0.265571053	0.190206754	0.208463458	0.148356467	0.142426283	0.104859139	0.136196695	0.183028461	0.094792304	0.141347612	0.144150556	0.113146929	0.142713157	0.163108107	0.165816725	0.139183274	0.123945437	0.143419317	0.143444696	0.153861467	0.142931303	0.142862174
18S_TGP_19_10	0.132933296	0.158611386	0.142662072	0.167971178	0.14175921	0.12661572	0.169496224	0.152963989	0.254237368	0.171892308	0.16362036	0.162553615	0.166111796	0.152000815	0.152535684	0.144330711	0.165884527	0.145420636	0.130863353	0.21794852	0.154170118	0.189908095	0.162481324	0.123289368	0.142457758	0.158018532	0.150371469	0.140956274	0.132504632	0.144976763	0.15648716	0.128700807	0.205688357	0.142398027	0.141982295	0.120458266	0.131096325	0.165472162	0.182579074	0.155728338	0.14091525	0.137605577	0.176353909	0.075520966	0.122911802	0.120730708	0.12607113	0.14665867	0.113070263	0.11525538	0.138599875	0.105793754	0.106581808	0.150230966	0.177262244	0.154318103	0.156323625	0.189053149	0.184481902	0.124441512	0.173004396	0.172228423	0.152270441	0.172639928	0.168465622	0.209821637	0.131801307	0.200409821	0.170964426	0.144401864	0.178208781	0.156543701	0.175338844	0.155718826	0.148501014	0.198413585	0.201113986	0.119246381	0.128599093	0.098807077	0.119917844	0.126450166	0.167456933	0.110844129	0.168188058	0.188393938	0.146046621	0.11507772	0.126524494	0.128738866	0.09732303	0.124139514	0.172271451	0.088601893	0	0.143248629	0.115301624	0.20253725	0.150155657	0.202066938	0.358106922	0.116828595	0.282129241	0.23377975	0.116221824	0.255649572	0.147235539	0.141643263	0.216486412	0.231136095	0.117412396	0.211732277	0.122006645	0.134205738	0.183659076	0.16576679	0.148755199	0.150217733	0.117201316	0.158631212	0.16711884	0.142830692	0.127120443	0.134232288	0.177356053	0.173290105	0.125006404	0.117812235	0.174273619	0.140551514	0.127306161	0.119326103	0.134917689	0.135405527	0.175003768	0.134305549	0.117964976	0.14097692	0.194206991	0.15283184	0.160374941	0.167739061	0.148587828	0.194236039	0.16245788	0.128863482	0.167772256	0.171178022	0.144103421	0.182623612	0.166260536	0.203177259	0.209424784	0.213003914	0.227576281	0.149168255	0.169532167	0.183282654	0.090773964	0.221292771	0.119838169	0.136529021	0.148533325	0.122018164	0.161138279	0.174378618	0.149331359	0.145222019	0.225495332	0.207950972	0.274724597	0.224120496	0.189742581	0.16397304	0.161505343	0.17801624	0.203476438	0.203641247	0.169876171	0.174439586	0.162935922	0.17364229	0.189953565	0.188870846	0.162935174	0.175935301	0.14842359	0.163280989	0.193567111	0.162207736	0.166495198	0.179755836	0.174758718	0.180825728	0.199560986	0.17921077	0.163767362	0.195840909	0.180931994	0.182724698	0.275615199	0.22353137	0.252222616	0.170907438	0.193064899	0.177225458	0.142277537	0.172670965	0.193231136	0.240527802	0.277134946	0.193923467	0.217003445	0.249322019	0.206634791	0.210552977	0.228227504	0.149268484	0.198458192	0.149484251	0.143016855	0.149997988	0.098059846	0.153494513	0.148845426	0.123311607	0.146109078	0.161839869	0.207679265	0.131961775	0.148907356	0.163107381	0.17107373	0.198524793	0.15706844	0.18740397
18S_TGP_19_2	0.11127504	0.161955574	0.163298829	0.167448711	0.188216396	0.161113549	0.158770832	0.094147635	0.236107053	0.145659717	0.154379909	0.138505151	0.149296165	0.144938372	0.157071677	0.127456823	0.149143238	0.144199657	0.090483618	0.158398369	0.117120682	0.150559831	0.141586834	0.162303746	0.133204534	0.116675219	0.136407998	0.138381982	0.157088244	0.179439824	0.173744687	0.170348314	0.215712622	0.171271683	0.103098676	0.118517875	0.129814099	0.128290945	0.121938068	0.156918432	0.142878068	0.163944129	0.201403107	0.165427709	0.136458411	0.170115759	0.144573392	0.142528641	0.12656105	0.151100808	0.156321109	0.170047385	0.118850943	0.218559945	0.174332775	0.133131948	0.14695046	0.149657807	0.168885384	0.15349026	0.154005132	0.172331937	0.141052694	0.135561202	0.183473201	0.20543921	0.193431981	0.248667924	0.194483741	0.198183989	0.212777585	0.18978223	0.191330486	0.157122444	0.168702235	0.161416935	0.19914111	0.122847272	0.116049448	0.11814414	0.106767478	0.105883626	0.154558984	0.109868531	0.099258766	0.154595751	0.113972789	0.121116176	0.105453327	0.140321016	0.157118371	0.102760681	0.103744977	0.13625359	0.143248629	0	0.119249048	0.206875828	0.158277137	0.222047873	0.374708065	0.102162193	0.299434798	0.255285816	0.088555969	0.266970432	0.06774909	0.157425567	0.239428846	0.265828593	0.127374035	0.228257735	0.150222848	0.171956314	0.183761752	0.169866826	0.156096097	0.15373237	0.170415533	0.159787914	0.162130626	0.147680838	0.103825824	0.152782093	0.121884997	0.186622444	0.162177789	0.126193952	0.147355563	0.15073623	0.092369694	0.126958474	0.126554102	0.087688876	0.12229867	0.118146505	0.086438146	0.122003835	0.116661241	0.142951645	0.087264895	0.130807443	0.132909379	0.166540237	0.144855442	0.077633935	0.134311372	0.133891282	0.141729585	0.196018952	0.184518244	0.178663933	0.217339671	0.2224831	0.207821801	0.159233664	0.189372543	0.19260728	0.118262423	0.119749802	0.095972128	0.065661462	0.090326509	0.082774783	0.074445772	0.135537803	0.143249675	0.088969607	0.206433876	0.184838403	0.253375026	0.206222985	0.19196201	0.168023692	0.162960843	0.171902955	0.173939109	0.214269809	0.117590576	0.128924513	0.144800405	0.142537978	0.097356283	0.163359837	0.100318557	0.130697352	0.124804726	0.120767103	0.125444777	0.106961124	0.104209063	0.09079688	0.105068736	0.096832664	0.110650208	0.102269103	0.065829921	0.112775196	0.218813195	0.216897843	0.282764641	0.20838197	0.298799388	0.231833582	0.215080957	0.216526431	0.151802858	0.187132487	0.17090863	0.224174577	0.257343205	0.228332949	0.263846163	0.230341595	0.26484284	0.168080156	0.243215591	0.114246587	0.163798252	0.139446928	0.127123027	0.112587566	0.118262612	0.140194824	0.08422152	0.114557908	0.122906929	0.14634926	0.180087531	0.111713516	0.135903286	0.14772476	0.10559558	0.177548879	0.125663094	0.138075549
18S_TGP_19_3	0.15429716	0.165808008	0.131824178	0.194776129	0.104404017	0.130193161	0.191044929	0.150026495	0.249978371	0.189035229	0.180058459	0.183717015	0.169107975	0.174658796	0.193332048	0.166788929	0.191521434	0.172048895	0.160012307	0.187958274	0.18247517	0.192059091	0.180957658	0.144179927	0.185480987	0.167154391	0.18703688	0.115369549	0.175960776	0.200339239	0.205702619	0.156261282	0.154865614	0.189801591	0.148960922	0.15250472	0.10758935	0.170287618	0.151740958	0.163653354	0.19674773	0.191740934	0.129717011	0.131241932	0.16748232	0.153323711	0.172936503	0.166095305	0.07187769	0.099637142	0.181069501	0.14577581	0.09449037	0.138719634	0.204284664	0.170905867	0.183696014	0.184646705	0.202625822	0.107497697	0.204087841	0.206037551	0.183327202	0.187268224	0.214324741	0.230067351	0.163606298	0.194705799	0.222063244	0.183093772	0.226200207	0.198128783	0.214895353	0.115579657	0.190315992	0.17554319	0.180898268	0.147773488	0.176971154	0.103177878	0.151572368	0.122852536	0.118797876	0.154078389	0.165912066	0.187166217	0.163920991	0.156363826	0.15846408	0.119785224	0.172269356	0.150758158	0.151057576	0.155129069	0.115301624	0.119249048	0	0.144114235	0.100969597	0.162535851	0.302319369	0.084291979	0.22336767	0.177927125	0.089424674	0.174802386	0.125756869	0.102475597	0.167920712	0.199808182	0.067927847	0.169582427	0.098545122	0.154773894	0.212822128	0.199513185	0.178426562	0.165264968	0.164640862	0.201975305	0.186375937	0.198302409	0.154706594	0.139477006	0.167588557	0.180371136	0.156551705	0.150915264	0.138792253	0.196299532	0.136341063	0.170133546	0.174423179	0.121743927	0.151929608	0.167309651	0.143603045	0.137452369	0.169446543	0.192378983	0.143765205	0.169813208	0.167087916	0.181304048	0.184232422	0.125872636	0.158012815	0.160059343	0.183895363	0.21203094	0.212342446	0.19522194	0.243522083	0.255166213	0.231717643	0.190248474	0.226299216	0.217032343	0.168611867	0.171449711	0.130432832	0.119151167	0.125178005	0.158317054	0.129364294	0.183973756	0.191995792	0.147704601	0.221574263	0.216468361	0.271394618	0.226442357	0.218593642	0.205548074	0.202958034	0.215493198	0.215726091	0.245008216	0.168125753	0.165255259	0.166261207	0.172762283	0.137776854	0.183440237	0.171509647	0.189319654	0.165594132	0.180255924	0.16901485	0.15350132	0.14915715	0.161015194	0.156047238	0.167084935	0.174800183	0.148031065	0.137837058	0.167604841	0.143036747	0.220334729	0.217670226	0.182780873	0.231880703	0.212194916	0.153197712	0.142346628	0.12342513	0.141110466	0.195291748	0.226825303	0.271561047	0.134534469	0.213355184	0.23268287	0.176570756	0.173556976	0.215577892	0.169712169	0.193662901	0.196780065	0.18999603	0.136911851	0.15945671	0.151068814	0.130233863	0.143487361	0.166313387	0.182599488	0.209565843	0.172789266	0.184870989	0.172391442	0.167279783	0.211016358	0.155416647	0.185362078
18S_TGP_19_4	0.275064051	0.262186333	0.243054485	0.293618999	0.192235457	0.227450679	0.274960148	0.247558218	0.354999555	0.28926211	0.285266584	0.298512424	0.268260488	0.285871459	0.30317081	0.276635133	0.271943804	0.29358699	0.252251074	0.282359162	0.297387951	0.298700175	0.266805462	0.224584292	0.304747362	0.266811211	0.297386806	0.13217808	0.265613847	0.290908768	0.302252909	0.23433318	0.088692099	0.283311025	0.228466619	0.250654397	0.188280174	0.272807556	0.187227868	0.269862454	0.296139752	0.290612744	0.12665515	0.22535763	0.275482369	0.24874442	0.259646061	0.262860926	0.150471057	0.193952385	0.26742603	0.227834703	0.201963791	0.226862239	0.298025245	0.283615574	0.287553073	0.278614955	0.29382587	0.195353652	0.289249332	0.292868914	0.272360228	0.304442515	0.324344211	0.343307715	0.271232343	0.295429816	0.326566952	0.288285365	0.334159643	0.311109517	0.321023973	0.187292464	0.305808379	0.247904345	0.263118746	0.254219625	0.301439614	0.224610532	0.26731295	0.23645726	0.208968782	0.261001927	0.190020296	0.287298022	0.256361281	0.263173769	0.264950503	0.200503612	0.265068049	0.246774383	0.202299934	0.269332619	0.20253725	0.206875828	0.144114235	0	0.159565421	0.101676817	0.23155765	0.128259187	0.14654511	0.116091003	0.185514414	0.13672667	0.187338439	0.1313808	0.131261055	0.138352657	0.150078545	0.129728689	0.195039022	0.24255887	0.305015023	0.303333352	0.282768904	0.280218592	0.25013098	0.285597596	0.280252486	0.303873544	0.25667046	0.235970398	0.19503997	0.274024212	0.245560529	0.248445086	0.2079815	0.308727265	0.249291289	0.277608178	0.289592376	0.236785582	0.263563687	0.27851834	0.238874218	0.258371079	0.254192183	0.31122916	0.219750142	0.282057642	0.287270391	0.293157002	0.302491865	0.228716668	0.280111198	0.288181718	0.299855833	0.337389815	0.32775512	0.322623381	0.364492145	0.371474991	0.352207577	0.312431319	0.330165016	0.341154543	0.261343995	0.190648561	0.245185152	0.2021209	0.232053683	0.250824187	0.218844636	0.281499193	0.280008683	0.236866975	0.329455643	0.313695822	0.375138091	0.340143575	0.333380248	0.314930101	0.306410356	0.320341618	0.318440014	0.361878266	0.265383976	0.276495562	0.266048776	0.280345366	0.202499867	0.298158485	0.22705671	0.289495396	0.282020123	0.288070023	0.226148053	0.241160375	0.231524384	0.219801208	0.212797725	0.225410003	0.201405324	0.237920017	0.208390794	0.194782834	0.232042773	0.331544977	0.150560794	0.283331539	0.192014547	0.316613774	0.138794204	0.242781872	0.238746581	0.187241913	0.298471214	0.336248222	0.371693871	0.234021551	0.314216541	0.345142907	0.250843194	0.193066231	0.315375654	0.255015803	0.304475861	0.311101959	0.276846733	0.180653031	0.266634658	0.244701599	0.202338949	0.257217149	0.27061106	0.263621675	0.332311894	0.258477358	0.297411506	0.275444217	0.282333366	0.314480977	0.260692029	0.299915818
18S_TGP_19_5	0.195822415	0.214897839	0.191858637	0.240452278	0.125274188	0.177932788	0.240943673	0.194977646	0.278837884	0.243299207	0.243474405	0.21815987	0.192845944	0.205790548	0.226092493	0.213951594	0.246075988	0.197346307	0.209660667	0.226906286	0.199843119	0.224502761	0.228061373	0.16726162	0.207940076	0.19175271	0.196237506	0.111589952	0.209168461	0.23421529	0.239896393	0.211776101	0.157586677	0.233792606	0.198417702	0.198465132	0.16264523	0.209272166	0.18649406	0.183347839	0.234536581	0.224698023	0.119101263	0.166311116	0.20756363	0.192889337	0.209079971	0.194290823	0.107925518	0.124254547	0.205444999	0.172554349	0.141573845	0.187526019	0.254655524	0.218795438	0.241250548	0.218595088	0.257257856	0.165268184	0.256162488	0.245093452	0.238867225	0.238396803	0.217007671	0.238358952	0.19167348	0.205013388	0.218024983	0.17788371	0.226582439	0.196477868	0.216196696	0.122076452	0.236418129	0.246097261	0.227718458	0.183291633	0.189571125	0.13956162	0.189307238	0.156440847	0.17118286	0.157903544	0.183590044	0.173723261	0.157072949	0.167823647	0.160594366	0.113346866	0.206747892	0.186774667	0.15311174	0.174476507	0.150155657	0.158277137	0.100969597	0.159565421	0	0.162685831	0.305255135	0.106904243	0.229595456	0.193228859	0.156589422	0.200652857	0.173323712	0.115249317	0.18002897	0.196488298	0.14041631	0.173053156	0.159145068	0.211194524	0.269147843	0.24954689	0.225176778	0.215768521	0.18718957	0.239120444	0.239453252	0.240737564	0.208996466	0.197742096	0.195412823	0.216050778	0.207083758	0.194338767	0.187928558	0.191225945	0.160528267	0.172516403	0.19208484	0.184865023	0.21118852	0.15247565	0.171291967	0.196147758	0.196207869	0.187531922	0.181906168	0.199356148	0.172191241	0.192293307	0.18823974	0.163138731	0.190882288	0.189077982	0.178822171	0.252112361	0.247243081	0.22832829	0.249947132	0.259619102	0.255507597	0.218801245	0.223603493	0.228342496	0.195360451	0.207936582	0.165124942	0.16372196	0.170298711	0.19399591	0.142563192	0.222203682	0.247845532	0.175102449	0.248324461	0.228774114	0.295182265	0.254157925	0.233292962	0.210473033	0.204902287	0.216280359	0.217527944	0.251171034	0.212038043	0.203088601	0.210863362	0.200724676	0.163968004	0.185689273	0.219179012	0.226139917	0.198398141	0.213153736	0.216966491	0.186708754	0.189495241	0.19188278	0.200553968	0.209019312	0.212549941	0.203365649	0.168974635	0.214213338	0.159893714	0.234179575	0.177614126	0.201514223	0.215021461	0.217913533	0.140080106	0.145731136	0.139741554	0.1381271	0.19934174	0.25512807	0.289252722	0.180571919	0.232015702	0.264627979	0.21599076	0.179747471	0.236995981	0.227422046	0.227692434	0.230099198	0.22592405	0.175046412	0.194628723	0.192686968	0.173680897	0.197923286	0.226432076	0.244409719	0.243002281	0.212073059	0.233294067	0.228435942	0.196539475	0.240944957	0.22089517	0.211342218
18S_TGP_19_6	0.259644052	0.270757659	0.246204897	0.282520853	0.184142224	0.231980233	0.277658354	0.26787296	0.359398611	0.286361024	0.281502558	0.289313518	0.297449012	0.29442489	0.304839302	0.27586384	0.290650302	0.289959864	0.255454999	0.307810046	0.282544179	0.303051955	0.291873325	0.239170045	0.285679826	0.278749785	0.28620674	0.128848412	0.265561766	0.280467628	0.279358941	0.250745304	0.093872363	0.275738532	0.226930068	0.241987614	0.226062381	0.276156484	0.212968837	0.268222949	0.270723715	0.277050844	0.141826617	0.230564044	0.263186961	0.252991421	0.258727552	0.259961926	0.160225273	0.183181267	0.283170624	0.235571004	0.206122447	0.243396432	0.294364447	0.271355629	0.294500293	0.299539907	0.300090368	0.202090862	0.292730101	0.29772235	0.267472546	0.287308052	0.30546561	0.332141415	0.26889924	0.292673105	0.310478687	0.277647728	0.316864467	0.298743396	0.301176313	0.176305881	0.301411933	0.287126326	0.284048374	0.256350295	0.278422877	0.229615895	0.274107297	0.236820865	0.252243086	0.248650024	0.221796718	0.296922278	0.26119693	0.273607134	0.255435138	0.191497838	0.266608256	0.222652633	0.22525775	0.250434884	0.202066938	0.222047873	0.162535851	0.101676817	0.162685831	0	0.181949617	0.149616338	0.108975596	0.10809298	0.205807182	0.12338182	0.194731042	0.119074775	0.115606095	0.119857037	0.16301223	0.115103628	0.196929015	0.244118959	0.305478596	0.281793957	0.276177486	0.272755275	0.251061549	0.283689172	0.282205577	0.273758913	0.259041625	0.256197027	0.244299713	0.288899938	0.25199592	0.246850639	0.226920928	0.305916044	0.250303302	0.271562035	0.280810817	0.251438291	0.290955201	0.284480247	0.259483535	0.269345538	0.290303326	0.301643612	0.249161332	0.287040083	0.28307631	0.313839623	0.295278547	0.238014196	0.281373523	0.291480999	0.302087239	0.330245529	0.309413371	0.319099163	0.343248336	0.35808132	0.338507596	0.288063159	0.319616879	0.323995511	0.255628988	0.23311429	0.255694193	0.228934288	0.247100527	0.274315244	0.25265684	0.294168013	0.285177376	0.260783113	0.339271645	0.312003676	0.385255418	0.330474996	0.317806133	0.30287084	0.296679043	0.308902922	0.31409826	0.346548761	0.287743977	0.281061417	0.289689931	0.303619211	0.278219484	0.308560335	0.251656555	0.292112235	0.280881125	0.286747036	0.249672057	0.267326751	0.255564937	0.246774952	0.230292276	0.238461203	0.239777635	0.257735086	0.238166759	0.214006657	0.24556768	0.325898757	0.165383232	0.287082369	0.158357309	0.311343582	0.113509284	0.237171248	0.240237945	0.198949109	0.287543215	0.357142526	0.3817065	0.254666135	0.318835307	0.363072324	0.270898106	0.19798629	0.326828502	0.25597695	0.306380084	0.294812606	0.270800919	0.193312913	0.256164869	0.254161935	0.224893871	0.237043423	0.259567312	0.271443137	0.324433311	0.270089996	0.285203743	0.272851219	0.290434756	0.320191124	0.274045554	0.310063717
18S_TGP_19_7	0.417371941	0.416654414	0.389338932	0.429225812	0.330860962	0.38115674	0.421985819	0.402875475	0.491390257	0.432489715	0.417868023	0.432274078	0.418641443	0.438777568	0.446639543	0.423806793	0.422945987	0.438494289	0.414383693	0.44761531	0.439682478	0.440278818	0.427826724	0.370412972	0.435984658	0.429407353	0.433692001	0.282885547	0.414553198	0.42541249	0.436811477	0.393378316	0.227860141	0.427450819	0.379142181	0.395225009	0.360018368	0.417855683	0.370845796	0.419109552	0.424328006	0.433660185	0.273086578	0.37285652	0.417284544	0.399587901	0.409858019	0.412366219	0.308497746	0.33679047	0.415994773	0.373862171	0.357599113	0.373848143	0.424984068	0.413152357	0.431131229	0.441490006	0.428084012	0.336121632	0.430481971	0.429585628	0.401445913	0.446156194	0.458535267	0.483638518	0.423282962	0.431509041	0.467539727	0.425865784	0.470771632	0.452047093	0.456726876	0.329316256	0.451490933	0.426675226	0.410450609	0.413911713	0.439244504	0.373610578	0.420549175	0.395716622	0.386508079	0.414266504	0.373442846	0.430444742	0.408743928	0.428908234	0.411823361	0.335720778	0.415960662	0.387549241	0.365084863	0.408860761	0.358106922	0.374708065	0.302319369	0.23155765	0.305255135	0.181949617	0	0.304505022	0.12104654	0.167687984	0.358188293	0.195400277	0.352310519	0.269547678	0.219689294	0.217398771	0.316436255	0.219229364	0.3485086	0.388559999	0.454404439	0.440299829	0.422630407	0.425435842	0.391848538	0.428672157	0.42135979	0.435945292	0.418992836	0.397289873	0.395555889	0.425602247	0.398969758	0.395961574	0.367111965	0.44919171	0.40853761	0.423731983	0.439435291	0.406762443	0.428658147	0.42904219	0.408331609	0.421916759	0.434262761	0.455219215	0.40768482	0.428637382	0.430080316	0.454186422	0.440570038	0.395935372	0.429633288	0.440597591	0.446333639	0.478648285	0.463871268	0.469142563	0.489030465	0.495826608	0.475232023	0.434883942	0.468287369	0.472611546	0.412469576	0.378127475	0.407047637	0.379192249	0.401010265	0.427885685	0.398954133	0.446277979	0.438557139	0.414706763	0.476519351	0.453459593	0.50616813	0.465591434	0.4650626	0.445390337	0.442317077	0.450587735	0.449302077	0.484911346	0.419850023	0.427126021	0.42236325	0.439509566	0.406009059	0.447461475	0.404605376	0.434633315	0.434819705	0.431617477	0.389170702	0.410087712	0.406313843	0.390709441	0.388675509	0.394194061	0.391597753	0.407548005	0.391923534	0.36926843	0.371644645	0.464227332	0.187012595	0.414498656	0.20037388	0.452850574	0.245296883	0.379139013	0.390217986	0.336037975	0.437869044	0.48963404	0.509194776	0.388275579	0.44460683	0.495769775	0.408930921	0.334723915	0.45472455	0.414482474	0.449929965	0.44905418	0.414568613	0.336890456	0.414603571	0.397487548	0.383936888	0.40000085	0.418932449	0.409448975	0.462084853	0.426735657	0.436261686	0.416824045	0.445254239	0.45160913	0.410613998	0.443421379
18S_TGP_19_8	0.168410028	0.192008912	0.165042044	0.216800949	0.137627154	0.150413201	0.206051494	0.155964099	0.278271794	0.207806622	0.208862987	0.19189445	0.193647686	0.192284781	0.198609392	0.166827855	0.212755775	0.186079516	0.1470347	0.202317089	0.181697685	0.211188783	0.203229188	0.161250711	0.190220877	0.162222445	0.186748898	0.099022562	0.180564349	0.199174045	0.206445525	0.183164324	0.151377931	0.193475607	0.134668104	0.171751653	0.129096464	0.176257822	0.107074187	0.172748729	0.201021874	0.202106753	0.15365651	0.145924843	0.175206411	0.168919327	0.178361452	0.182750851	0.078814415	0.110227861	0.188347473	0.155112591	0.114003117	0.174057459	0.227004702	0.186584353	0.207508899	0.202916953	0.22601632	0.134466004	0.225328146	0.222085232	0.201873037	0.201542872	0.215807846	0.240505606	0.173739931	0.213833642	0.219337798	0.182717764	0.226831417	0.202129517	0.213577328	0.099444397	0.205020136	0.190326646	0.213303683	0.155533524	0.181745053	0.1220102	0.158641128	0.138621974	0.140239974	0.144713237	0.103125354	0.197729889	0.162793177	0.16130442	0.147123954	0.095582454	0.184590896	0.146222023	0.122190365	0.148862602	0.116828595	0.102162193	0.084291979	0.128259187	0.106904243	0.149616338	0.304505022	0	0.222553044	0.198184517	0.115063327	0.20345635	0.107061067	0.119985864	0.179595524	0.200158652	0.099816703	0.160827625	0.121127701	0.177078076	0.244824823	0.216491025	0.193911056	0.193690974	0.171258034	0.201426074	0.211812656	0.204304393	0.163811242	0.170965884	0.130173439	0.215083365	0.177111419	0.160361346	0.14997004	0.194084485	0.135703153	0.163624458	0.172709819	0.132117579	0.185814324	0.171674581	0.125928954	0.159501492	0.166337765	0.198666522	0.132402749	0.191224101	0.17282481	0.216683205	0.200196626	0.116699014	0.183784791	0.187992341	0.188489595	0.232201895	0.221522197	0.225617624	0.251721551	0.262718432	0.257705154	0.197199703	0.223737408	0.228343474	0.167504449	0.139971564	0.146449873	0.121459742	0.139694499	0.138076904	0.128039196	0.206594856	0.215395863	0.149802093	0.254145341	0.230438137	0.300925846	0.253032543	0.232063942	0.20997622	0.204258259	0.219531648	0.222703221	0.252857976	0.184035905	0.196889115	0.202951551	0.200638301	0.148055183	0.210610748	0.160513366	0.203234423	0.187208776	0.192409073	0.146299806	0.149752397	0.150710148	0.139975398	0.127692908	0.149066731	0.130958895	0.154343589	0.110047812	0.126891816	0.174770878	0.231732619	0.217727218	0.204930553	0.223995769	0.219785214	0.144895225	0.169260693	0.145126565	0.126406109	0.192643247	0.267682081	0.299059482	0.193601573	0.238344373	0.27627781	0.221540019	0.158836635	0.241909511	0.175357923	0.21735397	0.196841292	0.19746798	0.10474015	0.16329366	0.167399146	0.113505573	0.158958442	0.172865314	0.202052803	0.233460548	0.164385606	0.194317469	0.192550853	0.185033908	0.234718965	0.178592255	0.206244505
18S_TGP_19_9	0.313717011	0.306880388	0.280813878	0.328999183	0.232020399	0.269222344	0.332288712	0.332409984	0.419552107	0.348633048	0.350192939	0.365734062	0.341580539	0.36180077	0.375559216	0.359194807	0.3403	0.335882597	0.335876825	0.342853945	0.368162368	0.368138694	0.339804637	0.289831012	0.366747848	0.353724235	0.364992333	0.20857897	0.330310254	0.33616036	0.334342839	0.302156236	0.133261646	0.346111949	0.312394053	0.291995278	0.267153822	0.337359897	0.280866816	0.31137172	0.357460087	0.330227719	0.194354138	0.298597006	0.339426789	0.295445325	0.318133823	0.313896527	0.212958777	0.231830778	0.339886398	0.2951007	0.260750317	0.273289416	0.362330357	0.348756676	0.353437232	0.34592439	0.362611373	0.267305259	0.359485084	0.351270028	0.336202443	0.347904387	0.378796178	0.392182919	0.333963546	0.351885643	0.388228942	0.362830142	0.394081623	0.356740383	0.381999248	0.247374745	0.375278348	0.314438015	0.306190887	0.319691847	0.359927592	0.298165747	0.340043876	0.307514542	0.281878744	0.32755956	0.30482958	0.354094408	0.330594556	0.342513205	0.328916369	0.260270079	0.341542527	0.302911501	0.281418645	0.333642911	0.282129241	0.299434798	0.22336767	0.14654511	0.229595456	0.108975596	0.12104654	0.222553044	0	0.077872544	0.251002518	0.094965821	0.259011163	0.176020236	0.107239565	0.123400793	0.209884422	0.150391571	0.237026181	0.281184629	0.351826327	0.344801603	0.329306266	0.32360698	0.312328518	0.353110687	0.317323132	0.341607185	0.330420215	0.300615278	0.295890235	0.319063908	0.290743767	0.30091014	0.259864112	0.376354964	0.314218272	0.32591971	0.338358474	0.309385305	0.320293749	0.353579704	0.334051466	0.318076535	0.354629237	0.36331556	0.307515093	0.333200549	0.35462941	0.356036703	0.342549905	0.309081092	0.325360681	0.335550749	0.365839435	0.38089226	0.390955619	0.364999336	0.424072541	0.438971139	0.414320734	0.370306914	0.403653412	0.377410852	0.321242316	0.274635538	0.321303337	0.297345856	0.310340427	0.343073862	0.317746455	0.340281148	0.343226559	0.323161721	0.371768934	0.375458154	0.442702219	0.397430058	0.402724837	0.389717789	0.384228517	0.394340753	0.387233783	0.427732339	0.342372604	0.333575475	0.336543527	0.350281255	0.322685747	0.362037591	0.305536972	0.353109394	0.340423982	0.352348522	0.326616144	0.327560536	0.301790436	0.313866341	0.298197311	0.285841792	0.287310319	0.300567788	0.30824286	0.291169875	0.304426416	0.408780689	0.107863085	0.336710998	0.146829555	0.395900703	0.185432671	0.320762318	0.287642177	0.242666588	0.344252404	0.392653368	0.439155578	0.28226033	0.374355226	0.391695846	0.305277016	0.231136105	0.381874194	0.329738262	0.369831373	0.375804412	0.342494429	0.265851343	0.334283231	0.300304431	0.29229582	0.314150461	0.340717303	0.337320038	0.401492677	0.333389725	0.368518881	0.335804406	0.359078315	0.3845638	0.333558125	0.374329068
18S_TGP_2_1	0.287703445	0.285284474	0.258525194	0.312935914	0.205216544	0.251594586	0.304158239	0.294349619	0.38423485	0.3116041	0.313768933	0.329270183	0.299301194	0.321766931	0.340299447	0.322141598	0.303712394	0.303001494	0.300614015	0.31694586	0.33112296	0.332718755	0.300176356	0.252803408	0.329669071	0.315606976	0.332834953	0.176461215	0.300811727	0.314938414	0.322292523	0.25938531	0.096901506	0.311886233	0.284650939	0.262094912	0.231899903	0.305349022	0.253806557	0.300506095	0.325878309	0.311522982	0.166306838	0.251547335	0.302981145	0.27784828	0.290421218	0.288838189	0.19094014	0.210334238	0.301655633	0.264012355	0.230966275	0.250337911	0.327745128	0.313313003	0.306886699	0.314880824	0.328657846	0.233921076	0.323360007	0.312707335	0.306812942	0.325346513	0.347259105	0.367624761	0.296574336	0.321201148	0.352949459	0.323545873	0.358926733	0.333875033	0.348885616	0.20656508	0.338694886	0.299274308	0.287811396	0.287786251	0.314328038	0.237346922	0.289081533	0.274001063	0.260177403	0.292781264	0.258597992	0.316171897	0.297145981	0.295056934	0.285343519	0.223710124	0.28160174	0.27391268	0.246964479	0.29287298	0.23377975	0.255285816	0.177927125	0.116091003	0.193228859	0.10809298	0.167687984	0.198184517	0.077872544	0	0.200802141	0.060541339	0.221250385	0.134519548	0.070748825	0.106493609	0.171358674	0.115104343	0.209438229	0.267573778	0.321745236	0.323464921	0.301047489	0.294833086	0.282488917	0.33070999	0.298188123	0.318848667	0.291907876	0.271012238	0.275076747	0.286789119	0.269469803	0.276319233	0.242438104	0.327331695	0.279450471	0.289347402	0.308066478	0.267487334	0.2804683	0.295154509	0.285998583	0.282945221	0.312263819	0.31835067	0.273017665	0.290194749	0.313151715	0.309750474	0.302422558	0.265714393	0.291563349	0.301282608	0.319707379	0.348315595	0.354861992	0.334644705	0.382342206	0.399443008	0.37384928	0.33079361	0.361954157	0.354531312	0.275383202	0.238735582	0.263997335	0.26143548	0.264305831	0.293796799	0.266375957	0.307876001	0.292830498	0.277402965	0.3461376	0.335883633	0.402981809	0.359942211	0.364871664	0.351242204	0.351807299	0.353736811	0.346733987	0.389888446	0.305180034	0.294398064	0.290114729	0.299736648	0.273009832	0.3188505	0.26335752	0.316456845	0.29798181	0.316019504	0.290481905	0.288012942	0.274841884	0.280590444	0.269753282	0.261660796	0.259315704	0.269247264	0.264024479	0.256754196	0.270046233	0.37040338	0.103749939	0.298638201	0.138568046	0.357775343	0.145122531	0.283128809	0.252289974	0.216137075	0.321064992	0.357408681	0.400177576	0.253101669	0.335396069	0.360823755	0.27256993	0.204896918	0.344861958	0.294180882	0.333709883	0.336592708	0.30835133	0.227964771	0.290039273	0.267977108	0.260168879	0.282849944	0.300991847	0.306603973	0.362419409	0.302723601	0.337260204	0.302940463	0.315312881	0.349190085	0.2957815	0.335411946
18S_TGP_2_10	0.121983345	0.124061322	0.113196682	0.160773904	0.148935112	0.113738408	0.152285374	0.124306888	0.230884883	0.153018084	0.16370142	0.171685684	0.145653189	0.163828903	0.182066535	0.161226437	0.153068151	0.143307634	0.130773449	0.153988057	0.161821695	0.170229466	0.1411023	0.12816079	0.169193353	0.154034263	0.171686919	0.16138681	0.147615271	0.167905642	0.175801745	0.119853852	0.173976335	0.16572203	0.126511235	0.108533718	0.085548294	0.140799984	0.131047579	0.139265644	0.175031803	0.157156174	0.182848096	0.132022233	0.14684499	0.129869551	0.140156201	0.127688726	0.107667745	0.122205856	0.158263762	0.140885762	0.078284003	0.152547581	0.180457439	0.15278283	0.147370441	0.149815441	0.171782013	0.131956508	0.165946358	0.168598094	0.154109404	0.15404608	0.194372669	0.211330906	0.171142397	0.21321163	0.198965301	0.191770516	0.204726912	0.176607144	0.199007065	0.149325344	0.183483336	0.134904337	0.142649457	0.117894888	0.147641792	0.098776209	0.120792899	0.109876111	0.103554995	0.123953367	0.138722363	0.162253366	0.125283181	0.127511562	0.122329491	0.14142436	0.142915986	0.11295729	0.113077697	0.126482169	0.116221824	0.088555969	0.089424674	0.185514414	0.156589422	0.205807182	0.358188293	0.115063327	0.251002518	0.200802141	0	0.21669711	0.077508616	0.11891391	0.177555021	0.21473494	0.067896138	0.217859246	0.091243279	0.11689443	0.164126446	0.163368698	0.151180611	0.135867161	0.142312268	0.177051985	0.145007091	0.166937985	0.125392327	0.11468866	0.136344054	0.130417726	0.107167969	0.11859324	0.097694125	0.170919304	0.109661954	0.121839439	0.140551623	0.094303799	0.10738683	0.136436221	0.119444011	0.109617183	0.144511704	0.151453078	0.101027723	0.130970925	0.155041326	0.145443739	0.136322584	0.099282829	0.129651357	0.132756929	0.160615468	0.188107466	0.199516862	0.167621128	0.235315257	0.248431984	0.224513384	0.180443428	0.212362092	0.198207359	0.123154357	0.136231789	0.098269492	0.087846902	0.084761177	0.122843948	0.10186539	0.137612438	0.139085539	0.098968206	0.186660458	0.182638466	0.255202816	0.207762769	0.212780695	0.199014724	0.195243035	0.201401478	0.192201487	0.238640575	0.139332131	0.124843806	0.125915493	0.129875117	0.106282442	0.163801042	0.112707956	0.152732969	0.126129842	0.15044565	0.16034283	0.124120082	0.099175048	0.134821797	0.122221215	0.110962589	0.127110269	0.102936534	0.112252235	0.151145453	0.185345661	0.221704643	0.260045654	0.169673039	0.305297742	0.22616187	0.221533732	0.207591692	0.120685808	0.155136729	0.181011631	0.200812989	0.252216363	0.164995118	0.22988141	0.200619079	0.195408917	0.135513963	0.209399014	0.130640115	0.171626111	0.174131391	0.153240258	0.128377596	0.123641691	0.108568355	0.101554434	0.115609496	0.144625854	0.149651663	0.206226839	0.137120335	0.171883381	0.14678906	0.142870211	0.191826276	0.133467904	0.170502671
18S_TGP_2_2	0.265215521	0.255345961	0.222078483	0.3006278	0.170953103	0.227694023	0.308836611	0.300562641	0.39485868	0.325550335	0.317114661	0.33601659	0.306763882	0.324375007	0.344203518	0.321462183	0.316335759	0.291325622	0.305145763	0.313117471	0.333584319	0.34179712	0.313081385	0.268318039	0.34138237	0.318673519	0.337656315	0.182824148	0.30451238	0.315991996	0.308540531	0.277938514	0.110971692	0.311044058	0.284625031	0.259500228	0.237699118	0.312732642	0.253673051	0.28739959	0.334039285	0.300018093	0.16741829	0.258254177	0.309340069	0.24086099	0.291527076	0.283975051	0.189219935	0.196371548	0.304665599	0.267320408	0.233170681	0.209204804	0.335070054	0.320499148	0.327823312	0.323894685	0.340830076	0.237094892	0.337522827	0.326571489	0.310406063	0.312346093	0.344229272	0.350743002	0.284342378	0.3172145	0.356009278	0.331982347	0.358822246	0.315382474	0.349824544	0.214003706	0.343628456	0.251616237	0.255567254	0.283473257	0.33062456	0.251364266	0.300523476	0.273683239	0.237198095	0.305573265	0.275109495	0.325546546	0.308090421	0.300806868	0.297597787	0.233016312	0.301720894	0.281478295	0.260134057	0.306943738	0.255649572	0.266970432	0.174802386	0.13672667	0.200652857	0.12338182	0.195400277	0.20345635	0.094965821	0.060541339	0.21669711	0	0.229536763	0.148605861	0.061452304	0.141731244	0.172255969	0.141674969	0.184591514	0.236468298	0.304943499	0.312672893	0.28317691	0.258440184	0.284713005	0.333082399	0.265935347	0.313277865	0.296104935	0.252260781	0.266442129	0.264659004	0.248799132	0.272739281	0.225609909	0.343256878	0.28170505	0.293175446	0.305689319	0.259522302	0.246469627	0.313192403	0.296735932	0.234908713	0.319334918	0.330085632	0.266312585	0.304909497	0.317154532	0.311474238	0.310349875	0.271290798	0.252891659	0.273593321	0.333297475	0.300097351	0.355116019	0.290159831	0.3867766	0.404663337	0.377033197	0.335387099	0.370395481	0.330782894	0.295269324	0.224256435	0.277750116	0.274173041	0.264390905	0.310635696	0.280127813	0.312798926	0.313445388	0.287555952	0.307838278	0.353395786	0.414968389	0.364864289	0.367775387	0.356165101	0.355805623	0.361228986	0.355984161	0.392288367	0.317724053	0.302080142	0.300668141	0.312641674	0.280245275	0.326844914	0.279738575	0.333268145	0.300202565	0.326204812	0.288406577	0.292398907	0.269066615	0.283687084	0.266281621	0.262112675	0.261247849	0.24002108	0.275329517	0.255927723	0.281973318	0.371196416	0.131778451	0.30991849	0.151092971	0.360864042	0.150543579	0.286907202	0.22649146	0.199432221	0.302630341	0.333723619	0.411751811	0.211749643	0.344287979	0.330962273	0.231475699	0.19114038	0.355055063	0.300846647	0.342289741	0.34582215	0.321184772	0.240209864	0.309153079	0.281297923	0.258913836	0.286009047	0.304326869	0.314669482	0.364612453	0.302690958	0.337332816	0.303447996	0.316831179	0.360455668	0.302474186	0.336611945
18S_TGP_2_3	0.129336059	0.171263902	0.157924238	0.152598652	0.17780562	0.153509333	0.163507157	0.116057634	0.23673585	0.153770233	0.150658737	0.16359948	0.151002989	0.161182193	0.173781871	0.145433212	0.150035222	0.149306625	0.113716868	0.154568765	0.149117608	0.166073255	0.140853375	0.15798304	0.166212068	0.143229108	0.169166932	0.143914133	0.152738555	0.172315703	0.168215494	0.159641526	0.177582303	0.169355839	0.129808868	0.113290832	0.125913339	0.136466209	0.110003175	0.170018357	0.15458747	0.152595934	0.189293753	0.161939038	0.138877198	0.167436071	0.150795028	0.149104278	0.117026825	0.144224287	0.152100888	0.164058544	0.119655729	0.195985727	0.16956308	0.146510803	0.152162361	0.161858428	0.174179449	0.157018524	0.172498219	0.162247866	0.1535468	0.152267892	0.193166958	0.215917921	0.202524581	0.253211363	0.205510562	0.221833424	0.227574673	0.200087975	0.204075778	0.150832719	0.174229762	0.145435436	0.174090583	0.139449987	0.149305783	0.135136963	0.118534514	0.13129374	0.153056935	0.116752593	0.098482964	0.162202159	0.131396797	0.134455616	0.117301269	0.132436701	0.155751427	0.093199147	0.09219604	0.15886085	0.147235539	0.06774909	0.125756869	0.187338439	0.173323712	0.194731042	0.352310519	0.107061067	0.259011163	0.221250385	0.077508616	0.229536763	0	0.118882926	0.202214624	0.229019085	0.101320062	0.21510439	0.120632207	0.152685021	0.168849096	0.151131832	0.145192869	0.141793103	0.162871953	0.161964236	0.156256085	0.151514159	0.111358901	0.144365965	0.092244127	0.168083835	0.143317906	0.12164892	0.120852629	0.167586794	0.113556634	0.140872151	0.138252118	0.09906129	0.127035973	0.146543032	0.114600374	0.122472823	0.129138269	0.155498607	0.090265035	0.138185158	0.151396619	0.164919391	0.145281567	0.085120024	0.140839762	0.146541112	0.158683672	0.196317064	0.200365355	0.179787123	0.228409429	0.241937891	0.216160774	0.170794583	0.208995786	0.197532809	0.11788668	0.102754406	0.12115222	0.090200743	0.088103919	0.115323714	0.104528504	0.153049559	0.140684892	0.100015171	0.19994733	0.187630981	0.26263396	0.206413895	0.204097296	0.193954841	0.197750345	0.194609426	0.187523581	0.232191608	0.140564908	0.137740461	0.139345745	0.150885657	0.113053002	0.167462035	0.096957808	0.155739473	0.133433793	0.147028233	0.109565014	0.111117201	0.094703443	0.096031703	0.079626628	0.088536892	0.090887974	0.09956379	0.080283143	0.10144158	0.22651041	0.243774258	0.275620348	0.209963006	0.303876724	0.255637308	0.221887742	0.235724595	0.160334366	0.166086167	0.17213762	0.22069237	0.264244284	0.224117565	0.272072183	0.22483721	0.243524635	0.150753432	0.252533178	0.116602191	0.171032158	0.167920069	0.137128543	0.109055728	0.115077246	0.135771585	0.092186183	0.12500516	0.121837515	0.148532305	0.198692056	0.11657362	0.162127343	0.14010426	0.136440582	0.194897976	0.129960468	0.170867455
18S_TGP_2_4	0.190344838	0.189564786	0.171339988	0.209179474	0.125416861	0.152442388	0.202009658	0.1955985	0.303651774	0.215810048	0.213415493	0.232792012	0.219556518	0.232398628	0.248536973	0.226294351	0.20826406	0.222084388	0.199531456	0.235310095	0.224341993	0.238215496	0.211721922	0.160088027	0.2296892	0.222758027	0.238979082	0.085539945	0.199832662	0.219337288	0.228958807	0.169596563	0.099499357	0.216100482	0.169172451	0.172942592	0.147497463	0.207262883	0.179141163	0.210928722	0.216479992	0.215690375	0.106156753	0.167099601	0.205632001	0.195051362	0.200508913	0.199935877	0.090713047	0.127480178	0.224552767	0.170216799	0.139386354	0.164894577	0.231118703	0.215875231	0.208434609	0.224452878	0.235032751	0.133365413	0.226549128	0.215775461	0.197226114	0.214690061	0.261219458	0.281960415	0.215571671	0.24031477	0.267931077	0.24112969	0.273053532	0.246334745	0.267728424	0.139544637	0.245584659	0.21269492	0.215818016	0.197140282	0.218211961	0.161921144	0.198012452	0.177782757	0.181040156	0.191444188	0.196512474	0.233877999	0.197488011	0.210345324	0.195899632	0.150346117	0.210495491	0.168760973	0.164651729	0.192450255	0.141643263	0.157425567	0.102475597	0.1313808	0.115249317	0.119074775	0.269547678	0.119985864	0.176020236	0.134519548	0.11891391	0.148605861	0.118882926	0	0.109559636	0.145253792	0.073464375	0.144617821	0.118812353	0.162162927	0.220340589	0.210283806	0.213035304	0.209804181	0.18497897	0.223073288	0.203603465	0.208580217	0.19421982	0.184933263	0.181360909	0.201651581	0.172801466	0.181902181	0.160083783	0.237506572	0.18511826	0.199250251	0.2107295	0.187242773	0.206792664	0.214369987	0.194709885	0.205045486	0.220783896	0.227717003	0.181982144	0.201946141	0.227559339	0.240392142	0.220248746	0.18082801	0.214948144	0.223485534	0.236323807	0.267938576	0.264146295	0.256235816	0.300516378	0.315349493	0.285203879	0.241616865	0.276726591	0.266810412	0.184569117	0.203527575	0.185294567	0.168883756	0.176335485	0.201812296	0.188290133	0.210748992	0.205335122	0.18580945	0.266363684	0.2556932	0.330339666	0.270784895	0.275856225	0.260665096	0.258840949	0.263183748	0.261181701	0.303496479	0.214609434	0.213084204	0.21276368	0.218842481	0.207624739	0.24753136	0.171547242	0.217526511	0.209658027	0.214067463	0.207245786	0.20039161	0.181809128	0.19031053	0.171754573	0.173033428	0.18838947	0.186635548	0.174073735	0.199129616	0.197479582	0.288109301	0.203439296	0.227760904	0.22797966	0.275651383	0.149422965	0.203686013	0.178091902	0.166686236	0.243691232	0.290404637	0.328874863	0.186299582	0.261437923	0.292211529	0.20488712	0.195027438	0.272344694	0.18990887	0.238105008	0.239270234	0.20135386	0.14899352	0.192679563	0.175802017	0.163379223	0.17809353	0.197996953	0.205668374	0.273503724	0.207363364	0.23124152	0.202665516	0.224607871	0.258940305	0.202470002	0.247074376
18S_TGP_2_5	0.23996351	0.225756991	0.203633049	0.275521483	0.16117142	0.19533883	0.282080788	0.278120265	0.365926012	0.288929362	0.295329447	0.310268903	0.284712581	0.302177578	0.324690684	0.307062387	0.279996785	0.27062707	0.284021125	0.293332845	0.313323941	0.315656432	0.277050699	0.231060134	0.310720262	0.300084189	0.313838755	0.157089104	0.271571417	0.29252655	0.284090612	0.236172244	0.09614178	0.293780024	0.263277871	0.224660906	0.210259843	0.290359729	0.236030988	0.263878429	0.30595158	0.274712135	0.147942481	0.237163301	0.285032096	0.226030673	0.267305787	0.258443947	0.169932867	0.173859622	0.287488396	0.24331277	0.209775276	0.199556113	0.308526098	0.293578846	0.286497699	0.292249779	0.306245393	0.216499933	0.300470123	0.293491859	0.282118967	0.289292059	0.331454635	0.335562823	0.273219803	0.30579565	0.338993592	0.312788931	0.343178277	0.302437677	0.3360795	0.197315024	0.322282998	0.244454919	0.246658468	0.262271639	0.296656264	0.227318107	0.276504998	0.255500914	0.222585151	0.273773747	0.246336711	0.299086341	0.277414688	0.278620502	0.273815309	0.213465985	0.274601118	0.252624261	0.233264694	0.268991073	0.216486412	0.239428846	0.167920712	0.131261055	0.18002897	0.115606095	0.219689294	0.179595524	0.107239565	0.070748825	0.177555021	0.061452304	0.202214624	0.109559636	0	0.125195749	0.137913681	0.144982147	0.155787606	0.210595902	0.279057718	0.28364245	0.265116297	0.245209452	0.260618019	0.304053359	0.239327442	0.285750097	0.273092907	0.235498208	0.245640354	0.242724406	0.218380806	0.252288629	0.197741218	0.314736246	0.257871828	0.262677122	0.284431744	0.244329948	0.234857836	0.280457805	0.273426759	0.235201332	0.29748376	0.295842593	0.24599889	0.269488094	0.297575911	0.290497098	0.274503937	0.25301352	0.245618313	0.260348052	0.309720347	0.302475034	0.33640775	0.28425836	0.37318589	0.387992882	0.361231519	0.318277562	0.352190582	0.316821545	0.255138661	0.220588578	0.250494799	0.24501869	0.243682924	0.280349058	0.256280418	0.275070478	0.278147265	0.255293061	0.296417367	0.320732435	0.392329665	0.345837061	0.350793652	0.337537952	0.335950518	0.340257126	0.332391889	0.376815674	0.286806106	0.272079268	0.268307917	0.276035409	0.266052503	0.305602123	0.241484471	0.296542877	0.274632742	0.296544654	0.278176519	0.27568652	0.247164332	0.261765365	0.24837618	0.231242537	0.231988875	0.220920042	0.249097511	0.2458264	0.260375874	0.359469446	0.14356661	0.289711926	0.178126769	0.346131502	0.13747555	0.274019497	0.207642648	0.185097325	0.292408608	0.323806916	0.389887199	0.205533039	0.324320946	0.319099502	0.232147363	0.183955198	0.334165073	0.273277223	0.315989618	0.316566828	0.287318038	0.210930041	0.273626837	0.247169671	0.239012524	0.258847141	0.283585624	0.283973849	0.347967676	0.280614601	0.317792386	0.285392307	0.295817934	0.331078836	0.283212512	0.317203143
18S_TGP_2_6	0.289543651	0.291472024	0.264384615	0.3134566	0.212553865	0.249285301	0.310877724	0.299716493	0.386932406	0.315566249	0.318615297	0.331646389	0.310371906	0.339456989	0.340976912	0.325711279	0.320969387	0.311489717	0.30586872	0.322335712	0.335712963	0.331832448	0.308866926	0.259843649	0.329584729	0.319117493	0.33029534	0.179327684	0.308948104	0.306973849	0.31298975	0.272955293	0.12466301	0.315404657	0.287623991	0.25118379	0.240226897	0.304818065	0.254312779	0.295508915	0.32009397	0.313946155	0.183729377	0.26441994	0.295641428	0.278489699	0.300927453	0.294526232	0.188796265	0.211580562	0.317640656	0.268648626	0.245369826	0.251469034	0.328526276	0.311458889	0.304795139	0.323197079	0.330301767	0.24058187	0.323570648	0.321669089	0.306978782	0.317814859	0.341556069	0.356771901	0.293680528	0.314380596	0.340692749	0.31280205	0.354065241	0.324492245	0.341032682	0.201153612	0.335112861	0.306481634	0.296101897	0.294136776	0.308388211	0.246751702	0.298642175	0.280002184	0.275413876	0.29452211	0.248448831	0.314878778	0.298086709	0.303815563	0.289245669	0.225562909	0.285618539	0.268776742	0.241216423	0.287084707	0.231136095	0.265828593	0.199808182	0.138352657	0.196488298	0.119857037	0.217398771	0.200158652	0.123400793	0.106493609	0.21473494	0.141731244	0.229019085	0.145253792	0.125195749	0	0.188370069	0.056432315	0.216276513	0.273660394	0.328697381	0.31598488	0.311403747	0.297535239	0.287289413	0.329085998	0.30126567	0.323330494	0.303531222	0.281415974	0.273256818	0.292460506	0.265857058	0.275738145	0.242622382	0.326491558	0.285741466	0.278994422	0.312149567	0.27543743	0.295964411	0.307814699	0.277285318	0.291065578	0.315269087	0.315832117	0.277672807	0.295400828	0.318833486	0.321236759	0.290343444	0.275383642	0.294490845	0.313597203	0.325007557	0.354714967	0.347969427	0.341435236	0.388393435	0.395917817	0.380041934	0.334942524	0.361764625	0.351006854	0.271434226	0.249400052	0.274687195	0.264654467	0.28445021	0.295154985	0.273208231	0.312510312	0.298536933	0.289391772	0.351487547	0.339936135	0.411622155	0.364315598	0.36342405	0.351103736	0.340085027	0.354883364	0.348856223	0.393227571	0.315837524	0.308136592	0.310999693	0.319455321	0.296126065	0.330765687	0.274118148	0.322075012	0.311152901	0.317328537	0.293810528	0.296292284	0.278207973	0.28355136	0.263246676	0.261271155	0.251905505	0.269465195	0.259973693	0.258208394	0.272306576	0.370630238	0.161734199	0.30794526	0.180339003	0.34796304	0.160331644	0.278343853	0.256344489	0.214400931	0.31760239	0.364344424	0.403850899	0.259754372	0.343152996	0.371675185	0.270144499	0.208351999	0.350365746	0.289421758	0.335362208	0.333538534	0.302817393	0.225674018	0.292913981	0.270915212	0.251284183	0.273194157	0.305191796	0.310661889	0.368601763	0.306966526	0.337769033	0.308675808	0.335724042	0.348286323	0.302202366	0.343073271
18S_TGP_2_7	0.154525113	0.144893618	0.128852725	0.179116918	0.114559423	0.112319478	0.174741035	0.159737377	0.266668249	0.185190729	0.189013342	0.212098371	0.185170433	0.19732067	0.223788818	0.191459057	0.17374682	0.187793032	0.169629876	0.187094987	0.194119708	0.209414037	0.179331496	0.134048607	0.210507443	0.186096303	0.212131914	0.123048822	0.170556954	0.193900748	0.197013334	0.128572205	0.139994955	0.187450161	0.141720928	0.139424982	0.101995159	0.183554216	0.157173443	0.175173673	0.19416972	0.178827768	0.143199907	0.133261112	0.179883779	0.152273103	0.168238979	0.165479501	0.075678729	0.093334268	0.192749264	0.145145989	0.1009168	0.124856587	0.204423548	0.192853562	0.183635378	0.186819464	0.202769025	0.105727575	0.192338668	0.194733195	0.171408469	0.183822422	0.231891686	0.245715351	0.185814859	0.20729147	0.240539292	0.217683878	0.243525667	0.214504974	0.239653558	0.134419477	0.21845768	0.156895918	0.169314829	0.161492351	0.19479795	0.124584848	0.171273701	0.141035871	0.125953969	0.169534141	0.179596505	0.209187219	0.173184319	0.178930297	0.171975784	0.142991933	0.178436196	0.142994319	0.15363843	0.168743938	0.117412396	0.127374035	0.067927847	0.150078545	0.14041631	0.16301223	0.316436255	0.099816703	0.209884422	0.171358674	0.067896138	0.172255969	0.101320062	0.073464375	0.137913681	0.188370069	0	0.186103512	0.072238888	0.123266622	0.181537766	0.184163019	0.177047192	0.165328714	0.162021402	0.198909013	0.163870217	0.18340217	0.160052486	0.142532302	0.151676905	0.161397485	0.135959077	0.151155333	0.117754727	0.219152457	0.152713867	0.170878266	0.183793015	0.127426284	0.154081585	0.189178335	0.163306984	0.153019933	0.187078149	0.206290574	0.143192045	0.172328207	0.195612157	0.197027041	0.190612705	0.14372704	0.174417383	0.182311112	0.216536545	0.226062497	0.235490844	0.215151172	0.273518277	0.287581233	0.259122982	0.216512021	0.255090757	0.234059215	0.166143297	0.172842115	0.150202415	0.13035102	0.133928108	0.17671602	0.155268098	0.166953939	0.172994155	0.145932249	0.220908579	0.22295623	0.294271309	0.24346476	0.249118753	0.236552564	0.234169784	0.242209056	0.237386548	0.276539465	0.178566453	0.175843458	0.17029277	0.178752725	0.154070901	0.216123647	0.140117004	0.187562231	0.178247518	0.189063411	0.184825497	0.171489407	0.142644928	0.166286129	0.145931929	0.138201864	0.158625258	0.141330116	0.149551729	0.17627415	0.171622053	0.25947482	0.238224947	0.190980318	0.27246734	0.247778885	0.195842218	0.189970713	0.140217596	0.142763534	0.213278678	0.241280925	0.291106535	0.150825131	0.225816766	0.236908597	0.176058845	0.167243154	0.233969628	0.157309017	0.208237547	0.214804584	0.184558875	0.129784348	0.171997288	0.143239868	0.129663607	0.151898916	0.167603427	0.166470637	0.242899613	0.174073482	0.20646557	0.178237827	0.185330587	0.228548416	0.168455678	0.210705085
18S_TGP_2_8	0.279756687	0.300301156	0.274204651	0.312688176	0.19998653	0.26492877	0.305373312	0.274847823	0.381744162	0.309486612	0.298666417	0.296443703	0.301001939	0.303597798	0.307936346	0.28086288	0.309163349	0.298421159	0.265882544	0.321663026	0.296035337	0.318364783	0.304249973	0.254074454	0.2993123	0.280303105	0.300881459	0.141971031	0.285047529	0.299678376	0.310463939	0.277874854	0.128804233	0.285996178	0.249016534	0.261224135	0.233624023	0.293538028	0.227375117	0.289467031	0.29826418	0.306693984	0.174300879	0.240193771	0.277875251	0.275586254	0.287657508	0.288219303	0.165627168	0.209565129	0.290004474	0.24893761	0.237362931	0.26303195	0.317269402	0.290693153	0.300660662	0.317513536	0.322320237	0.222295771	0.320535822	0.311191423	0.293026808	0.307305995	0.327818481	0.343479722	0.282213782	0.320941496	0.327744936	0.287616465	0.333689612	0.317060756	0.327868559	0.190114789	0.309828888	0.307769264	0.312800731	0.273676105	0.294328884	0.22253879	0.258072175	0.255024211	0.267833897	0.272990347	0.221697784	0.308314594	0.286511553	0.277789889	0.264001296	0.202403699	0.270914255	0.24661231	0.239058498	0.260399278	0.211732277	0.228257735	0.169582427	0.129728689	0.173053156	0.115103628	0.219229364	0.160827625	0.150391571	0.115104343	0.217859246	0.141674969	0.21510439	0.144617821	0.144982147	0.056432315	0.186103512	0	0.22020759	0.279120127	0.340874241	0.311030662	0.294633982	0.291870547	0.265812635	0.299775798	0.308563266	0.305065562	0.266624023	0.267825068	0.251865717	0.303068742	0.275648052	0.259195528	0.252266327	0.297727186	0.255634757	0.266299409	0.291701562	0.252718533	0.292961927	0.275467812	0.244385399	0.268652658	0.287127805	0.303080951	0.250484083	0.297874792	0.287391919	0.327600174	0.300941495	0.241006058	0.292101523	0.300529585	0.298727253	0.341829631	0.32414584	0.332695627	0.358712787	0.370270749	0.358819464	0.304273371	0.329894049	0.338878743	0.262981571	0.236578947	0.253741982	0.246510788	0.261888945	0.267115424	0.254787386	0.323423586	0.308390005	0.271532512	0.360740707	0.339393803	0.403380475	0.356609684	0.339783047	0.318057188	0.315142675	0.32428594	0.328432957	0.359710598	0.293916262	0.308026467	0.30228681	0.309205004	0.277840451	0.322634114	0.268829954	0.31579329	0.293161421	0.307784363	0.257675159	0.269939911	0.270184727	0.25304438	0.247535026	0.259641923	0.249394012	0.267022222	0.235000579	0.225574778	0.269771258	0.33519337	0.162574936	0.310755819	0.163384402	0.32256852	0.137043835	0.255733672	0.255290217	0.229303756	0.302917275	0.377202485	0.404599087	0.275016958	0.340325613	0.382810403	0.287481319	0.226830325	0.346996643	0.273004467	0.32846983	0.308243269	0.289334937	0.205402437	0.270531929	0.279088216	0.233515086	0.258344436	0.271326614	0.298012507	0.333250162	0.278889619	0.303115526	0.289447524	0.302257682	0.340938672	0.286781185	0.31702271
18S_TGP_2_9	0.127124594	0.126568502	0.104625153	0.179049311	0.101229518	0.089538525	0.18294179	0.172582459	0.269735726	0.191081463	0.189943543	0.207325877	0.190484662	0.192857088	0.213131727	0.194222803	0.18538875	0.165111409	0.164614761	0.194408691	0.197945554	0.21426265	0.178063002	0.135523646	0.203136572	0.190775746	0.200687279	0.153737047	0.172435712	0.191824993	0.182909533	0.149246118	0.184517608	0.193933927	0.156130462	0.131791004	0.112256013	0.188653522	0.170751149	0.159536776	0.195396509	0.168886929	0.168598088	0.138157015	0.177074437	0.123018782	0.162301316	0.164863179	0.105689791	0.095278584	0.185070054	0.1478369	0.106338788	0.125482703	0.204172766	0.189649261	0.193887244	0.192240171	0.208314892	0.126787215	0.203020045	0.204568762	0.184381629	0.179845654	0.216209979	0.224351623	0.147003186	0.21701175	0.230632565	0.207987351	0.234592853	0.187497342	0.228850445	0.149700363	0.214998543	0.155776803	0.155339022	0.150572021	0.191654365	0.128143545	0.177971039	0.143357956	0.124935429	0.164440772	0.195190199	0.207725953	0.178622366	0.173624446	0.167081955	0.149129343	0.182512388	0.138568185	0.174257285	0.167322419	0.122006645	0.150222848	0.098545122	0.195039022	0.159145068	0.196929015	0.3485086	0.121127701	0.237026181	0.209438229	0.091243279	0.184591514	0.120632207	0.118812353	0.155787606	0.216276513	0.072238888	0.22020759	0	0.113979529	0.18076256	0.180892262	0.154371487	0.134803277	0.162752811	0.203160191	0.144914719	0.179350623	0.166109965	0.136573728	0.167388037	0.159843333	0.128628085	0.139263177	0.113286984	0.20817746	0.149178766	0.16703713	0.164525619	0.136606733	0.142498354	0.181898137	0.17224096	0.128544823	0.201682041	0.196272324	0.142924876	0.167102987	0.185395467	0.190120525	0.185232261	0.144588586	0.143380019	0.152859089	0.203219483	0.188533737	0.224682424	0.186463854	0.261128048	0.280853338	0.247493887	0.20281081	0.242332125	0.205192287	0.149379501	0.172685847	0.155937908	0.134902894	0.14267083	0.177077851	0.157117612	0.17871547	0.169976438	0.157493477	0.19699432	0.226887049	0.296005754	0.244045913	0.22944179	0.228150454	0.222947896	0.236551543	0.226592823	0.265115868	0.189330914	0.177074775	0.174504366	0.187193236	0.175778769	0.21056604	0.167081333	0.197068832	0.166626946	0.194619198	0.184014917	0.158037718	0.132044564	0.168025372	0.15264669	0.136596009	0.161828332	0.119783579	0.166717618	0.180794124	0.188614706	0.249458519	0.266146068	0.188930342	0.290263001	0.238862921	0.2074915	0.19636361	0.11229173	0.137176267	0.196221858	0.225343515	0.294077649	0.142171331	0.231825437	0.221647552	0.161016821	0.154854469	0.237130312	0.162632288	0.198603107	0.201792801	0.183750438	0.139484267	0.161557187	0.148544408	0.138361902	0.151718388	0.169918063	0.182003294	0.239748591	0.155062261	0.199716351	0.180572957	0.186390705	0.227027723	0.175803871	0.214982476
18S_TGP_20_1	0.103156861	0.08068767	0.080203626	0.10737465	0.137815886	0.092048454	0.119058199	0.145417274	0.241288092	0.135405758	0.133439256	0.15178701	0.163152803	0.160327392	0.168024554	0.166642989	0.123389492	0.146608437	0.149157404	0.195388162	0.171206803	0.175299048	0.127848641	0.129024367	0.165759633	0.184512542	0.173220189	0.198689372	0.121348242	0.162509992	0.169632704	0.091840733	0.228395693	0.173344281	0.161120969	0.116169807	0.115317324	0.160290484	0.184104836	0.133790541	0.157719	0.122473329	0.183247568	0.110804176	0.142653493	0.105849109	0.136628898	0.119661003	0.14945168	0.139229422	0.172408907	0.103864425	0.104131215	0.122144161	0.155013073	0.140433208	0.156243939	0.147397355	0.150704167	0.142893733	0.145113464	0.137422514	0.117960027	0.144806189	0.207139645	0.210556914	0.169295999	0.23034736	0.214435884	0.224263402	0.21721503	0.172409084	0.221793946	0.211359506	0.188527137	0.133726605	0.13536219	0.13750102	0.16482517	0.150584231	0.175411947	0.129949353	0.125607429	0.14561251	0.226704593	0.196563478	0.155126718	0.157563485	0.180939375	0.202144227	0.169567416	0.15896475	0.190131567	0.145247707	0.134205738	0.171956314	0.154773894	0.24255887	0.211194524	0.244118959	0.388559999	0.177078076	0.281184629	0.267573778	0.11689443	0.236468298	0.152685021	0.162162927	0.210595902	0.273660394	0.123266622	0.279120127	0.113979529	0	0.102399651	0.115653819	0.092643984	0.082723774	0.095088305	0.129731451	0.070292023	0.116010627	0.111787425	0.083284686	0.18206806	0.105744755	0.08355577	0.10155083	0.113310042	0.191859169	0.131821923	0.153503441	0.151503552	0.146646196	0.133074077	0.161421694	0.180872036	0.133702053	0.208751278	0.165902479	0.166930196	0.152218614	0.171056862	0.171845068	0.165357779	0.166358913	0.139858045	0.138170295	0.189755325	0.168707073	0.201644416	0.155411684	0.247306207	0.262646854	0.22156115	0.183017025	0.222450183	0.189447944	0.1429247	0.205805763	0.136274447	0.162706576	0.146327367	0.18259267	0.18771835	0.144582429	0.154605673	0.147508881	0.169489052	0.206047666	0.275383563	0.210154385	0.216065669	0.200250275	0.201966729	0.203908925	0.218286689	0.247142777	0.15763759	0.147086489	0.141252961	0.158200051	0.192838624	0.185227926	0.147657508	0.161058639	0.143983795	0.132821187	0.221706758	0.186382885	0.159080065	0.199940443	0.186791763	0.16865051	0.200827735	0.153130573	0.193104527	0.215803788	0.22262776	0.237064303	0.312259027	0.227360062	0.345554735	0.241280533	0.273206257	0.249230079	0.139586194	0.186399875	0.197744517	0.198835864	0.27707196	0.172448181	0.249101172	0.192650961	0.1988133	0.183280268	0.24056267	0.153350922	0.178501457	0.1786405	0.134880577	0.190767022	0.153432452	0.127875805	0.164665476	0.112942839	0.166137038	0.13756257	0.206323632	0.15963135	0.151113581	0.11820969	0.158388857	0.173762311	0.145334926	0.192653654
18S_TGP_20_2	0.123847701	0.125329583	0.151426319	0.107568229	0.208142323	0.148570961	0.132316636	0.155042202	0.212817496	0.117306078	0.124430179	0.145746724	0.175710326	0.140182903	0.166344882	0.177492527	0.10371931	0.163555699	0.153312802	0.205393614	0.164617363	0.17570382	0.114959166	0.180021911	0.160745186	0.184495463	0.18284778	0.244356218	0.129326956	0.18825939	0.180140322	0.127233028	0.276927936	0.193441685	0.186107177	0.121953994	0.154345454	0.15221407	0.216727972	0.173430488	0.142128637	0.110630521	0.251678019	0.157546468	0.122377549	0.161031217	0.156182038	0.136973286	0.213151093	0.191032538	0.187289358	0.168178872	0.173866126	0.182555796	0.135850445	0.142920568	0.128855952	0.16003169	0.138828316	0.189454159	0.129192274	0.122008333	0.128111279	0.121219844	0.223993259	0.220605973	0.214943399	0.288144497	0.2269507	0.269822446	0.253678527	0.204658321	0.237925014	0.2595615	0.171657706	0.152391881	0.165659223	0.149792456	0.138560002	0.194537704	0.181237481	0.156093017	0.186804447	0.152279863	0.226255377	0.209163001	0.168559185	0.158267375	0.191344893	0.240677163	0.176059826	0.164326757	0.202218489	0.182038098	0.183659076	0.183761752	0.212822128	0.305015023	0.269147843	0.305478596	0.454404439	0.244824823	0.351826327	0.321745236	0.164126446	0.304943499	0.168849096	0.220340589	0.279057718	0.328697381	0.181537766	0.340874241	0.18076256	0.102399651	0	0.09541045	0.093257637	0.10366897	0.152226032	0.114698762	0.099475386	0.109217645	0.107739295	0.122366047	0.19907961	0.122628966	0.120239303	0.12104928	0.160712749	0.167287372	0.153569937	0.172346121	0.156396754	0.153131384	0.141701683	0.165513359	0.182084251	0.164523038	0.211817706	0.152291021	0.182228221	0.152742566	0.169277665	0.161535609	0.173025425	0.175156808	0.160016678	0.139954387	0.187458191	0.151171255	0.201280518	0.145533918	0.235797891	0.237213694	0.207127077	0.178707251	0.22042485	0.1875019	0.144928627	0.22612457	0.144429819	0.171440918	0.159482373	0.168665762	0.20188779	0.135209489	0.133494498	0.145138703	0.15972233	0.206882786	0.256628115	0.193113279	0.204301646	0.196923202	0.206668639	0.195063199	0.217440907	0.235444804	0.146052767	0.123781937	0.131886824	0.146594314	0.187989494	0.181036836	0.1316246	0.139723244	0.12713049	0.1229896	0.227431936	0.193121977	0.168419922	0.198984118	0.189643651	0.169939502	0.210655296	0.16588533	0.190956193	0.226160138	0.276892775	0.2814047	0.376263463	0.279823644	0.394619596	0.285635855	0.332393729	0.298294989	0.201573297	0.233684549	0.210310598	0.162046428	0.266192252	0.223175572	0.303395467	0.171212202	0.243597229	0.234729359	0.285103705	0.140145932	0.173997142	0.14017805	0.116092649	0.214085478	0.149409603	0.150218894	0.192330308	0.133445717	0.161226518	0.14197307	0.198434748	0.137447264	0.131998611	0.136412584	0.153946033	0.164974288	0.138732506	0.187840428
18S_TGP_20_3	0.111955095	0.114055838	0.129556612	0.070923433	0.191741055	0.140393192	0.136820436	0.141754142	0.185615203	0.098093911	0.084353339	0.105601716	0.166974181	0.10993938	0.134626272	0.137472033	0.085550978	0.145935781	0.138927075	0.190860174	0.145757993	0.169529501	0.122745784	0.156962126	0.125049802	0.170554168	0.167714142	0.236309337	0.128686662	0.174338755	0.17158491	0.132899188	0.281069389	0.182665848	0.184400094	0.121850962	0.170899047	0.132704996	0.196840692	0.167641663	0.134003032	0.090581	0.228473443	0.156386944	0.100796692	0.17237689	0.163677122	0.154213077	0.189728831	0.196785882	0.186099294	0.157892175	0.163232437	0.210939137	0.102366933	0.09521394	0.099333348	0.162312824	0.101154502	0.161153707	0.115568381	0.084106749	0.103242092	0.089855453	0.192776677	0.188506453	0.212969845	0.270019689	0.206253245	0.250237408	0.221661632	0.182646996	0.216768536	0.242055082	0.15197704	0.176326598	0.197016577	0.158060693	0.127322247	0.173814666	0.15486115	0.151455057	0.197258726	0.137754168	0.208491823	0.191353061	0.159842899	0.149231228	0.163681317	0.224894264	0.172745987	0.148512571	0.196517476	0.151924848	0.16576679	0.169866826	0.199513185	0.303333352	0.24954689	0.281793957	0.440299829	0.216491025	0.344801603	0.323464921	0.163368698	0.312672893	0.151131832	0.210283806	0.28364245	0.31598488	0.184163019	0.311030662	0.180892262	0.115653819	0.09541045	0	0.087429968	0.103064543	0.112140867	0.08069919	0.083199042	0.09051817	0.088108211	0.121904867	0.181505195	0.149572714	0.122992588	0.109636083	0.166359487	0.145085502	0.137499491	0.15545343	0.129533516	0.137221176	0.153068427	0.143671569	0.160498087	0.160649263	0.188367981	0.126430253	0.15547055	0.13995851	0.141246983	0.16468359	0.151211429	0.153271544	0.16474894	0.137421834	0.167193978	0.15190674	0.164978963	0.149209239	0.204643795	0.217755803	0.170243373	0.142198021	0.18959131	0.156123051	0.129323645	0.208677867	0.142813265	0.17738736	0.151262977	0.160716775	0.19350694	0.140398813	0.137241723	0.15123512	0.155282033	0.189891401	0.242118413	0.167475144	0.169827956	0.160088332	0.188363784	0.157647962	0.194187936	0.203003793	0.136293651	0.141989524	0.131534363	0.147173562	0.193077498	0.177605281	0.144342738	0.140975756	0.127229706	0.113242976	0.200307474	0.171132832	0.147231985	0.184791648	0.156646008	0.166084956	0.197307697	0.160068549	0.176131919	0.200705104	0.266737404	0.250542196	0.369444411	0.26801084	0.374717127	0.266287434	0.304595886	0.278607528	0.198556245	0.24084993	0.178038969	0.193467478	0.262498142	0.246627416	0.288538841	0.187114187	0.275300585	0.233931242	0.28135534	0.125811966	0.148267791	0.136553367	0.11423959	0.217247861	0.136264008	0.131776191	0.168839011	0.097942479	0.121959587	0.122681813	0.168613888	0.141604967	0.103767672	0.085060206	0.153377237	0.151349789	0.116774127	0.172348729
18S_TGP_20_4	0.090876683	0.120735374	0.120324045	0.100603137	0.150141304	0.140442396	0.134714254	0.130249184	0.216213651	0.118610165	0.112317749	0.114456408	0.145491878	0.108784711	0.124189968	0.120834467	0.111100972	0.111159464	0.117054608	0.183284875	0.136504813	0.15822345	0.113680191	0.171218057	0.137180374	0.151482486	0.137105755	0.214085469	0.11026898	0.148477735	0.146832545	0.130673359	0.267583715	0.159728602	0.171130569	0.098893901	0.144937324	0.14603372	0.179668162	0.140465921	0.128035947	0.084637434	0.213334621	0.120219767	0.101804699	0.119859851	0.123745664	0.114915759	0.16652283	0.150362065	0.138613183	0.133564843	0.144725843	0.178630528	0.133089498	0.114420365	0.139995408	0.148414492	0.134704705	0.17912302	0.145605066	0.123187336	0.129515838	0.127255675	0.170555883	0.189697089	0.179022411	0.267791146	0.186511748	0.226883999	0.206604305	0.171295167	0.196502721	0.229837751	0.1516558	0.147775075	0.158109893	0.121432664	0.122795618	0.150426878	0.131631349	0.140140867	0.164663017	0.116849893	0.1849939	0.175968115	0.157325505	0.117498793	0.140281058	0.195031476	0.135662036	0.128564965	0.18724949	0.144357751	0.148755199	0.156096097	0.178426562	0.282768904	0.225176778	0.276177486	0.422630407	0.193911056	0.329306266	0.301047489	0.151180611	0.28317691	0.145192869	0.213035304	0.265116297	0.311403747	0.177047192	0.294633982	0.154371487	0.092643984	0.093257637	0.087429968	0	0.053482432	0.099691966	0.099985729	0.074712028	0.080981402	0.077468477	0.091204748	0.154082511	0.125229381	0.109198502	0.08149804	0.140317327	0.147704126	0.109275139	0.134326002	0.115332703	0.104482418	0.12008677	0.13220611	0.14049557	0.114991924	0.185546163	0.123048112	0.136905801	0.127537543	0.126071454	0.153119325	0.138498393	0.123154065	0.130326494	0.106215563	0.142779719	0.13275422	0.168067131	0.137047643	0.199076407	0.215029676	0.191350549	0.133405442	0.184844589	0.151769824	0.097433223	0.190382015	0.114806424	0.161972553	0.135291209	0.135252628	0.173814265	0.142805551	0.137084127	0.137930746	0.161554008	0.185191662	0.251312579	0.190421185	0.183202599	0.164172625	0.165892911	0.172276619	0.19648101	0.198479879	0.139446717	0.1244611	0.119201357	0.143889564	0.172232764	0.154104454	0.13835144	0.148956149	0.111403621	0.123173803	0.19299009	0.155637269	0.142703605	0.171804599	0.160766444	0.154511874	0.185482371	0.136809789	0.16090578	0.186652281	0.255970674	0.229213712	0.34827021	0.255203106	0.354803299	0.246179286	0.284736696	0.263754124	0.173844257	0.221031272	0.172070013	0.183283316	0.269486791	0.220467005	0.282597985	0.184333108	0.247157815	0.212259582	0.275924257	0.147065154	0.169311264	0.13162081	0.120592803	0.2107141	0.112360724	0.141803656	0.157197244	0.116542387	0.13025328	0.146418254	0.169350631	0.109811405	0.11510124	0.11122578	0.136134443	0.165287137	0.130215175	0.16985914
18S_TGP_20_5	0.071734787	0.103385783	0.103778831	0.097641613	0.140914364	0.120759912	0.136483957	0.129127563	0.209227125	0.116350768	0.117052175	0.119853239	0.137244281	0.11286409	0.121176707	0.128810353	0.122096678	0.100921127	0.119571827	0.168054224	0.143690547	0.157270196	0.116873298	0.167953664	0.138636527	0.147619174	0.135260104	0.222203615	0.112083377	0.156210045	0.143883801	0.132091587	0.264330512	0.161056137	0.179309635	0.094255131	0.146034361	0.149968204	0.173877785	0.132665994	0.138909962	0.094812726	0.217408068	0.123176673	0.099600533	0.114400465	0.131653056	0.113498302	0.167906427	0.150819145	0.144330923	0.133604836	0.136149772	0.159262718	0.141039974	0.115403494	0.137449601	0.140060103	0.136334637	0.175368229	0.133555595	0.130516977	0.131730342	0.121777247	0.16734601	0.170926542	0.171920221	0.251369651	0.180579973	0.222444331	0.195540021	0.150664771	0.18881116	0.218551745	0.145380497	0.134997018	0.146485326	0.120606092	0.128618698	0.141431903	0.139312729	0.132393256	0.161937419	0.115311651	0.18397136	0.173372918	0.146957399	0.114621816	0.138343147	0.194696957	0.14074213	0.134155486	0.179528218	0.138140635	0.150217733	0.15373237	0.165264968	0.280218592	0.215768521	0.272755275	0.425435842	0.193690974	0.32360698	0.294833086	0.135867161	0.258440184	0.141793103	0.209804181	0.245209452	0.297535239	0.165328714	0.291870547	0.134803277	0.082723774	0.10366897	0.103064543	0.053482432	0	0.113628492	0.119837086	0.072872402	0.100368857	0.088172033	0.094527798	0.155526769	0.115605144	0.103330123	0.090948778	0.138796023	0.149890405	0.106302825	0.126214357	0.115881151	0.100774876	0.106145674	0.124246586	0.141946696	0.091741061	0.185411025	0.125962194	0.130239902	0.129287227	0.123023664	0.141281509	0.135635435	0.125170876	0.105467459	0.094112967	0.145569763	0.119615994	0.164747906	0.115763669	0.201870742	0.216241181	0.189864128	0.139015793	0.183906751	0.142583609	0.108387431	0.173949822	0.107301491	0.157696482	0.123992893	0.146805117	0.163078367	0.135548268	0.141271145	0.135651077	0.14241381	0.182456775	0.248685684	0.188629255	0.179733235	0.162436492	0.17385134	0.168532124	0.189563147	0.202015063	0.145556807	0.128810438	0.11948279	0.137126129	0.167930483	0.150640952	0.145823134	0.15299944	0.115548715	0.124395595	0.194267612	0.159097835	0.136784544	0.179902167	0.159849887	0.157346576	0.180110185	0.125926749	0.161748732	0.183666414	0.248458774	0.224140097	0.344443698	0.247832139	0.348224879	0.239600866	0.277178955	0.25328775	0.148307567	0.206913742	0.15535022	0.168847609	0.254347209	0.189824097	0.272347532	0.163797705	0.221222556	0.190762667	0.263543287	0.147316907	0.157755247	0.139052911	0.126288544	0.206907916	0.119834758	0.126500598	0.148472798	0.113204164	0.138080029	0.144724243	0.167262855	0.127983171	0.120788794	0.100161608	0.137877638	0.15660222	0.129734251	0.165163609
18S_TGP_20_6	0.126676409	0.130647538	0.116777718	0.124681824	0.157589511	0.142274784	0.124715205	0.149588069	0.240553427	0.139211064	0.133902353	0.127988348	0.151219621	0.146476391	0.141883033	0.139288902	0.128837253	0.149953803	0.137816428	0.21848573	0.16417321	0.179648325	0.127810124	0.130392122	0.147828475	0.166941611	0.155054947	0.192224862	0.096577763	0.144756709	0.170250663	0.104169096	0.23170649	0.152062043	0.150642761	0.124232964	0.117607772	0.167356764	0.169385945	0.136914185	0.1372331	0.12044261	0.146020013	0.083146354	0.113544875	0.116789073	0.123555309	0.113517872	0.137656851	0.150800402	0.132160615	0.068747891	0.125394639	0.153392156	0.158387764	0.1381688	0.155406496	0.157531828	0.151371922	0.156727415	0.146079156	0.133100932	0.11156934	0.162310718	0.191088348	0.210338283	0.17025075	0.240250117	0.191522828	0.195580169	0.197832908	0.166646436	0.198723218	0.206588145	0.163529128	0.183136665	0.16172392	0.125685902	0.152228368	0.134097178	0.148210127	0.129686787	0.162747429	0.1324936	0.19959943	0.188036382	0.158442943	0.136271343	0.154203786	0.173409191	0.143604506	0.149563402	0.178428594	0.120245273	0.117201316	0.170415533	0.164640862	0.25013098	0.18718957	0.251061549	0.391848538	0.171258034	0.312328518	0.282488917	0.142312268	0.284713005	0.162871953	0.18497897	0.260618019	0.287289413	0.162021402	0.265812635	0.162752811	0.095088305	0.152226032	0.112140867	0.099691966	0.113628492	0	0.088038384	0.087973445	0.123517395	0.10382974	0.089391022	0.158465797	0.132141191	0.102866501	0.097349396	0.15041425	0.156514896	0.120968966	0.139418058	0.149950114	0.1495841	0.181446999	0.13956134	0.150976679	0.156287897	0.199968872	0.146324421	0.161380263	0.16448251	0.149442091	0.183711171	0.162761663	0.142176884	0.169920933	0.168851042	0.157825716	0.187631572	0.183940317	0.187406966	0.220466845	0.228451666	0.203713006	0.150408203	0.194460601	0.188567521	0.125559818	0.223515417	0.127424358	0.166653709	0.15918459	0.161107319	0.180842369	0.182875847	0.162907807	0.158150712	0.204149762	0.203162953	0.269388958	0.205906242	0.197901251	0.168463186	0.176932878	0.178220197	0.207050372	0.217749653	0.163329326	0.161977742	0.148212626	0.16784879	0.191634945	0.179463416	0.163396647	0.17701066	0.149127811	0.150316195	0.209714575	0.173345584	0.17246004	0.195679999	0.188996006	0.189505055	0.214363131	0.187763148	0.178657654	0.209534304	0.223720086	0.211969172	0.306834712	0.2369294	0.321325016	0.213836605	0.256361717	0.230546809	0.168548838	0.211134779	0.196846178	0.22874499	0.269425959	0.220977486	0.253845683	0.233257447	0.247028239	0.214885212	0.242471167	0.158030546	0.186596715	0.158064016	0.133099831	0.1955838	0.135810226	0.14150179	0.162806523	0.123075388	0.154131826	0.152191683	0.19410202	0.148943765	0.141456925	0.12031381	0.16489904	0.170275358	0.150675582	0.19575063
18S_TGP_20_7	0.135053356	0.157224221	0.168493829	0.095043186	0.217197636	0.175535131	0.101335411	0.129843288	0.208366621	0.092936887	0.08794778	0.076666963	0.161147299	0.107151239	0.112718696	0.120486474	0.078188916	0.157105968	0.115686186	0.213142443	0.138724282	0.149108984	0.083577219	0.163063503	0.125867255	0.141175823	0.126774566	0.206925767	0.089654675	0.149253025	0.158667642	0.120354001	0.262485716	0.15266345	0.14357625	0.125888653	0.148585166	0.1293801	0.179675264	0.153388094	0.112457099	0.103739831	0.193510528	0.130164362	0.091245506	0.151682607	0.127083222	0.129056911	0.17778453	0.182826805	0.141194329	0.118836712	0.167558105	0.201678675	0.114270426	0.10062219	0.119374792	0.140836642	0.099838614	0.167656902	0.090964887	0.091328915	0.084286474	0.120228928	0.202593396	0.206286147	0.207354896	0.282139568	0.192403219	0.230648308	0.227368864	0.18725733	0.20171241	0.239105801	0.129358069	0.193622351	0.200829296	0.128868911	0.126001847	0.168782726	0.14400731	0.139812917	0.211667661	0.124167397	0.171873667	0.193537661	0.146891233	0.137192872	0.160378729	0.207375372	0.14508123	0.127749607	0.181150829	0.146534771	0.158631212	0.159787914	0.201975305	0.285597596	0.239120444	0.283689172	0.428672157	0.201426074	0.353110687	0.33070999	0.177051985	0.333082399	0.161964236	0.223073288	0.304053359	0.329085998	0.198909013	0.299775798	0.203160191	0.129731451	0.114698762	0.08069919	0.099985729	0.119837086	0.088038384	0	0.09709195	0.095027905	0.072578871	0.123049747	0.16701745	0.17093445	0.127916891	0.100842985	0.171479581	0.128343937	0.124906119	0.145774208	0.140176594	0.141151163	0.173350279	0.135414595	0.142330505	0.171509161	0.186039703	0.130745725	0.162335864	0.151463154	0.135178119	0.180181028	0.171959481	0.14525214	0.166560034	0.151989557	0.150462199	0.178949552	0.170328176	0.17357019	0.203517853	0.1894213	0.180210142	0.137858085	0.181616476	0.178689103	0.118965797	0.228997846	0.123219018	0.154663279	0.160008566	0.13371365	0.181526196	0.16058399	0.140885574	0.138900805	0.19225967	0.199437711	0.247187141	0.182295273	0.178527616	0.150511946	0.165410293	0.154851523	0.190728142	0.199590519	0.12349302	0.146572271	0.13977669	0.156767332	0.184561131	0.176279033	0.136771349	0.143584072	0.125718257	0.109045747	0.192642096	0.16825293	0.165516152	0.169636945	0.170883545	0.171046789	0.200513575	0.181223938	0.161719979	0.196249474	0.263722271	0.239323574	0.35926036	0.279366893	0.353126581	0.237944631	0.295681151	0.262375821	0.203294061	0.25806124	0.190953065	0.200096519	0.24951976	0.273924979	0.297262089	0.223746081	0.293389771	0.262167343	0.263545703	0.12282424	0.162344065	0.103094749	0.09877301	0.189528153	0.1144999	0.156137064	0.170244727	0.115137814	0.126567336	0.117898602	0.164130169	0.127777501	0.082835423	0.095476496	0.14657042	0.123377396	0.123918294	0.166125936
18S_TGP_20_8	0.088572419	0.095855054	0.087318329	0.084233646	0.15863449	0.121441408	0.112199045	0.138201073	0.226729904	0.10670796	0.114704959	0.122182503	0.15344825	0.13997361	0.149166305	0.154338326	0.097339722	0.134393914	0.141763896	0.193666633	0.16818921	0.167941408	0.101416793	0.161910313	0.145088996	0.174253665	0.157937621	0.229599323	0.113483194	0.163959169	0.158556026	0.118913982	0.260296869	0.175841962	0.17818896	0.097858449	0.1390578	0.152934655	0.190805094	0.140565492	0.14920414	0.09947568	0.202742356	0.134506931	0.122581687	0.123203452	0.134396671	0.11544239	0.179475464	0.158442919	0.1709131	0.137323459	0.143230911	0.160015133	0.138129822	0.126562881	0.134834444	0.133082594	0.123160601	0.172674524	0.120240979	0.114702746	0.100509088	0.127080647	0.198902659	0.194481579	0.199782744	0.259725715	0.213320111	0.248601779	0.21954624	0.175884254	0.218295851	0.240163979	0.173199128	0.131167578	0.145340673	0.130949516	0.145436809	0.169165381	0.166302668	0.144828224	0.161845874	0.147193355	0.219475301	0.185672993	0.15710113	0.148277084	0.171026608	0.222299709	0.167899751	0.154206985	0.186645618	0.158078413	0.16711884	0.162130626	0.186375937	0.280252486	0.239453252	0.282205577	0.42135979	0.211812656	0.317323132	0.298188123	0.145007091	0.265935347	0.156256085	0.203603465	0.239327442	0.30126567	0.163870217	0.308563266	0.144914719	0.070292023	0.099475386	0.083199042	0.074712028	0.072872402	0.087973445	0.09709195	0	0.102789442	0.092422198	0.098939763	0.17928281	0.114792971	0.100140958	0.09726429	0.136157723	0.176262163	0.120606542	0.150849101	0.144651856	0.134975027	0.122622484	0.145047948	0.172410737	0.124730005	0.202417638	0.146549013	0.159012508	0.140869687	0.157232223	0.159552315	0.153944678	0.159873451	0.133527069	0.121419168	0.180509095	0.152134477	0.186902182	0.142145895	0.233928154	0.246105594	0.199040678	0.161761297	0.207492856	0.170118671	0.130546769	0.196940394	0.127361955	0.163190682	0.144860928	0.170147611	0.178514192	0.136273524	0.142113161	0.143195692	0.151097266	0.193725713	0.259242897	0.191444379	0.198510209	0.179325426	0.194416992	0.182387621	0.206895754	0.232746365	0.140602671	0.132354181	0.136802723	0.148153929	0.189903775	0.178369363	0.142711036	0.151902137	0.126202321	0.122980889	0.217094919	0.179390392	0.155441618	0.187356574	0.184346032	0.161298171	0.192051666	0.142677254	0.182598935	0.206937114	0.253050109	0.249890288	0.344261473	0.256761415	0.37484815	0.266335967	0.301188556	0.27857152	0.166886569	0.215317512	0.185413404	0.188869035	0.263549694	0.204084753	0.278488197	0.180631608	0.230960216	0.195612465	0.272738174	0.145360066	0.171918653	0.159739223	0.120146582	0.21013202	0.153982172	0.142082765	0.166911821	0.114352064	0.152277754	0.136001012	0.190262821	0.149476911	0.136880871	0.101702028	0.150920125	0.155043139	0.143499235	0.174557416
18S_TGP_21_1	0.109601903	0.135937831	0.159861672	0.098359689	0.188345153	0.165127142	0.120668035	0.136259598	0.220474791	0.100817205	0.106191013	0.104943133	0.178401723	0.118001157	0.09599043	0.105870557	0.100998884	0.100368028	0.094902676	0.193138483	0.106530397	0.162145507	0.114148917	0.171624378	0.117433037	0.15714894	0.131394168	0.195930912	0.123843883	0.133180659	0.134894519	0.143124002	0.280971221	0.135084073	0.141020795	0.120602594	0.176452322	0.148713569	0.190267814	0.159251386	0.100721183	0.074018979	0.237080836	0.133669371	0.101843705	0.138082248	0.116091363	0.130093225	0.184332707	0.167787101	0.135463992	0.150979257	0.164415931	0.22109199	0.130062891	0.109153336	0.134238962	0.147195185	0.124868259	0.179531702	0.117335113	0.117595829	0.112965774	0.099438697	0.151857797	0.188623654	0.19942029	0.277350236	0.164130705	0.210792752	0.180827108	0.148300838	0.18510319	0.240708166	0.119977676	0.18484288	0.199859813	0.120399166	0.102357485	0.16755355	0.112990921	0.138852202	0.204853359	0.118237719	0.194439378	0.190747454	0.15963276	0.121224243	0.121153728	0.185971294	0.128663473	0.097511428	0.203769819	0.117645849	0.142830692	0.147680838	0.198302409	0.303873544	0.240737564	0.273758913	0.435945292	0.204304393	0.341607185	0.318848667	0.166937985	0.313277865	0.151514159	0.208580217	0.285750097	0.323330494	0.18340217	0.305065562	0.179350623	0.116010627	0.109217645	0.09051817	0.080981402	0.100368857	0.123517395	0.095027905	0.102789442	0	0.072947023	0.130050835	0.174702455	0.157875477	0.144403021	0.096680916	0.172435879	0.125768541	0.115481713	0.124160092	0.108548169	0.11952822	0.156174903	0.141013911	0.137924703	0.137265829	0.194603724	0.126740457	0.148311301	0.136278688	0.12735965	0.170167878	0.158361047	0.131397853	0.16632201	0.132972698	0.127759281	0.13320849	0.133877065	0.163134874	0.178691214	0.197556696	0.19460072	0.100794745	0.153067847	0.128308772	0.093456412	0.210777662	0.136633867	0.162549795	0.155956233	0.129806714	0.189413049	0.116113499	0.117797074	0.147625868	0.182835447	0.191742322	0.253055626	0.189310395	0.17400261	0.155985939	0.164963913	0.168800216	0.199395456	0.17748354	0.133373453	0.128564605	0.14137015	0.157304325	0.192227466	0.178950965	0.121707475	0.117069635	0.106579109	0.091265763	0.186866904	0.154499983	0.149279109	0.161575757	0.159732625	0.14269535	0.186058212	0.161514722	0.16964761	0.182348625	0.270650997	0.221948426	0.370120415	0.268812539	0.338257473	0.246729762	0.284713171	0.272449224	0.200977541	0.248832381	0.173342219	0.21189372	0.271851275	0.257585672	0.292796318	0.212794194	0.284147361	0.241141506	0.283730893	0.133723897	0.167325183	0.108115732	0.09625077	0.204652038	0.107520031	0.150569361	0.155571728	0.107734148	0.122209938	0.131903677	0.172193844	0.105576946	0.085993403	0.110706363	0.141676467	0.163692107	0.135142047	0.165259218
18S_TGP_21_10	0.091765182	0.120838213	0.13791459	0.091930428	0.192479283	0.143704939	0.10038201	0.091543856	0.1987076	0.077388017	0.082305956	0.0804497	0.140358006	0.100199696	0.107375208	0.094607786	0.077516852	0.118118228	0.068712248	0.167556271	0.098672304	0.123226339	0.0741172	0.146534929	0.109044811	0.120725633	0.116896589	0.177647445	0.107982011	0.157767409	0.156277269	0.115577801	0.253955263	0.147745699	0.135392652	0.105116199	0.130915091	0.110946148	0.158650634	0.143505658	0.109489379	0.096208792	0.203777882	0.124240919	0.087402367	0.153637704	0.1229259	0.114703949	0.156171104	0.171126439	0.142412222	0.127171185	0.133364563	0.208684369	0.1124501	0.080442172	0.109060086	0.114281898	0.104241163	0.150932422	0.107123725	0.100982489	0.091124577	0.097313552	0.175042568	0.183715822	0.192083502	0.255362777	0.180560776	0.214207654	0.197945672	0.172370747	0.193225937	0.214887455	0.131216003	0.165286587	0.197255506	0.103987306	0.089487618	0.133662552	0.10496532	0.098013361	0.1774495	0.095288346	0.156859799	0.160116306	0.12423544	0.102296564	0.123342421	0.183714725	0.136125267	0.106265606	0.166514897	0.122389132	0.127120443	0.103825824	0.154706594	0.25667046	0.208996466	0.259041625	0.418992836	0.163811242	0.330420215	0.291907876	0.125392327	0.296104935	0.111358901	0.19421982	0.273092907	0.303531222	0.160052486	0.266624023	0.166109965	0.111787425	0.107739295	0.088108211	0.077468477	0.088172033	0.10382974	0.072578871	0.092422198	0.072947023	0	0.111695024	0.147976987	0.146987125	0.133605764	0.081248591	0.154430363	0.123989463	0.079543133	0.125483736	0.100888821	0.090805411	0.120064048	0.108878741	0.108478002	0.119832582	0.143783736	0.107115311	0.112584545	0.112323144	0.102975661	0.142673873	0.131196617	0.094860155	0.140482839	0.109979406	0.121926763	0.15624072	0.156616149	0.143577089	0.185799888	0.199758582	0.168984942	0.119283844	0.164318945	0.158510594	0.09004444	0.174356767	0.094034694	0.112746328	0.109454145	0.095900548	0.135954074	0.1161972	0.100981741	0.094112825	0.168279352	0.166566033	0.231873765	0.167219449	0.162088474	0.142181657	0.153657742	0.142616696	0.171636641	0.18680927	0.088743796	0.103740226	0.104022435	0.123704725	0.137844614	0.142112307	0.092760011	0.10655006	0.084587042	0.075092752	0.157492156	0.125126704	0.121972632	0.128562775	0.130312196	0.125915302	0.153784441	0.13202659	0.124087531	0.153898625	0.242084276	0.216226667	0.33587269	0.248200642	0.347770078	0.236075674	0.269395189	0.248968424	0.177493874	0.233015284	0.168068299	0.193758278	0.248074418	0.238747259	0.268531555	0.198970028	0.269731057	0.219128605	0.253461386	0.097898525	0.13828063	0.101364401	0.081915901	0.162379795	0.093049381	0.129562369	0.129240579	0.085278264	0.09703777	0.106359982	0.14280245	0.085819229	0.070608685	0.084043842	0.097711753	0.133018568	0.095518893	0.126991168
18S_TGP_21_2	0.104804694	0.118908777	0.118877214	0.130653713	0.155846808	0.127582484	0.121273116	0.140093054	0.237982019	0.153164091	0.143475451	0.153274153	0.138459715	0.145221639	0.14960432	0.154834585	0.139194318	0.140292654	0.142496274	0.191265307	0.165729913	0.167268573	0.125939127	0.135153918	0.163422563	0.152030522	0.15179715	0.191906659	0.104397373	0.143439653	0.15882953	0.105292815	0.222307856	0.147932707	0.15096616	0.098045862	0.098860637	0.149609482	0.147577255	0.108828377	0.137048179	0.127372968	0.171704039	0.093461715	0.120061315	0.088105712	0.107790707	0.095446649	0.137469765	0.136948985	0.124572568	0.093812909	0.11015208	0.126270222	0.162396142	0.141355438	0.157965155	0.137386154	0.16844638	0.155203903	0.158432771	0.15369048	0.130754428	0.151350753	0.19748488	0.209008249	0.165808762	0.239327024	0.19689278	0.209661057	0.211676072	0.158360318	0.199400422	0.201343252	0.154997551	0.128391861	0.111473659	0.110370895	0.161018372	0.132912683	0.14742526	0.10826152	0.109209367	0.130745982	0.19284437	0.182502635	0.143814874	0.131307015	0.156772271	0.184616146	0.140824007	0.145909765	0.164466563	0.138081804	0.134232288	0.152782093	0.139477006	0.235970398	0.197742096	0.256197027	0.397289873	0.170965884	0.300615278	0.271012238	0.11468866	0.252260781	0.144365965	0.184933263	0.235498208	0.281415974	0.142532302	0.267825068	0.136573728	0.083284686	0.122366047	0.121904867	0.091204748	0.094527798	0.089391022	0.123049747	0.098939763	0.130050835	0.111695024	0	0.148511672	0.082580972	0.06165424	0.076828677	0.100996105	0.169417347	0.112398876	0.131361739	0.143269251	0.124904612	0.123568237	0.140896437	0.146339426	0.118945882	0.183067754	0.155765068	0.154319051	0.148925809	0.149224366	0.157159284	0.153358142	0.139233913	0.123324215	0.122209566	0.163931828	0.173992644	0.196766625	0.15319473	0.234709584	0.238701153	0.219595192	0.176920777	0.212073372	0.191586664	0.122783262	0.193320254	0.097955115	0.139542112	0.130659759	0.153340659	0.156336891	0.163242585	0.149081258	0.123268209	0.188747738	0.206719605	0.271729946	0.21754314	0.210233475	0.196584869	0.186848174	0.200851096	0.209544538	0.234309854	0.158652415	0.143477199	0.13023778	0.151456803	0.166653829	0.164291618	0.144655107	0.171477886	0.1340061	0.150588047	0.205453664	0.168648313	0.15184611	0.183464262	0.177016046	0.167045074	0.192033167	0.150252098	0.160480826	0.194852056	0.226947872	0.223030251	0.312022806	0.234009239	0.335577952	0.226114699	0.267284241	0.23856579	0.138743857	0.193110474	0.19056064	0.188737551	0.262614131	0.189050136	0.25793897	0.202225686	0.211757944	0.189514613	0.235779161	0.142825276	0.17551778	0.161163578	0.136546557	0.180942829	0.135785626	0.117699533	0.146205246	0.116672801	0.155268365	0.146587049	0.186730336	0.140572745	0.153972187	0.128997941	0.149231211	0.177617636	0.139839806	0.180192551
18S_TGP_21_3	0.160390962	0.208566764	0.197020601	0.178876721	0.183688901	0.201874498	0.205298122	0.160702077	0.277111067	0.202309791	0.195165374	0.194477546	0.17671119	0.177360258	0.187542595	0.159728585	0.194311794	0.163106039	0.139637707	0.187682248	0.181049884	0.21430144	0.184226196	0.204968246	0.200314577	0.164386518	0.195560458	0.180186181	0.159098605	0.176822176	0.18392131	0.198267341	0.22157216	0.182705433	0.153425081	0.139233467	0.147347895	0.18528685	0.108486153	0.181976266	0.181262468	0.15581027	0.201970781	0.166924958	0.157349853	0.154678301	0.158627798	0.154156808	0.127253924	0.153030701	0.152102909	0.166726572	0.158356544	0.199029104	0.214033221	0.191336616	0.199827441	0.203272224	0.219484841	0.207459599	0.22486888	0.203955813	0.195357895	0.182883291	0.210377026	0.232945444	0.220193605	0.287532355	0.222471614	0.244963873	0.245623224	0.208807163	0.221954953	0.196448076	0.184881376	0.154113754	0.181915213	0.151107759	0.182758132	0.161987995	0.142463048	0.168672507	0.172062408	0.153025997	0.105451502	0.207167287	0.188993661	0.153220869	0.146149574	0.160695493	0.174935456	0.133516928	0.130706045	0.187169409	0.177356053	0.121884997	0.167588557	0.19503997	0.195412823	0.244299713	0.395555889	0.130173439	0.295890235	0.275076747	0.136344054	0.266442129	0.092244127	0.181360909	0.245640354	0.273256818	0.151676905	0.251865717	0.167388037	0.18206806	0.19907961	0.181505195	0.154082511	0.155526769	0.158465797	0.16701745	0.17928281	0.174702455	0.147976987	0.148511672	0	0.189498174	0.147143884	0.141138463	0.153490334	0.190368404	0.144548867	0.153997558	0.163680733	0.10993859	0.166071313	0.175933251	0.127668572	0.139053285	0.154393946	0.177657911	0.095045051	0.188845796	0.177523376	0.201956007	0.183809169	0.110655485	0.17384398	0.173602389	0.182874197	0.202964998	0.218383088	0.206532589	0.247888557	0.258587411	0.25729025	0.197283527	0.230274954	0.209173559	0.142033564	0.093782716	0.151467482	0.147082401	0.138518351	0.131532082	0.14414494	0.19804857	0.18549104	0.146116172	0.229554203	0.235621077	0.304442936	0.248460239	0.235228852	0.216025723	0.218514141	0.227141432	0.230326052	0.249817275	0.19264552	0.185608421	0.186420217	0.195583977	0.12697674	0.200870736	0.136207875	0.21372718	0.166407118	0.203821965	0.116047907	0.137254962	0.117094235	0.118899232	0.087546691	0.122677469	0.094173391	0.126729209	0.098259126	0.104398773	0.265486979	0.263060337	0.307535552	0.258410895	0.321167324	0.272307385	0.254600459	0.26165602	0.192702084	0.204309855	0.183773234	0.24722349	0.303712677	0.254018132	0.315873124	0.25207191	0.270024873	0.194038939	0.294434819	0.163799101	0.21870319	0.193850126	0.182586787	0.166499686	0.159273057	0.185189706	0.103267362	0.170900088	0.154476775	0.195754233	0.234324431	0.13695765	0.187736766	0.180861695	0.175046126	0.236113862	0.181418018	0.217366649
18S_TGP_21_4	0.135025579	0.13432071	0.136042757	0.154277405	0.180863253	0.150086544	0.158643892	0.175928653	0.248193486	0.172881718	0.173865435	0.185802952	0.161064439	0.178845099	0.194622522	0.197226342	0.162048391	0.149674679	0.184783296	0.203207799	0.205812435	0.196286033	0.150167785	0.153261427	0.190267867	0.192775327	0.199108839	0.238243965	0.137089164	0.178940427	0.189121556	0.130832398	0.243277817	0.180691913	0.196315083	0.130617646	0.133920327	0.17859345	0.20034531	0.160537506	0.179696843	0.147229181	0.228953679	0.134278393	0.148744994	0.141278216	0.159303193	0.107329419	0.180832305	0.168525969	0.170394945	0.142850171	0.153751937	0.139846617	0.188499467	0.177714341	0.170079065	0.176081103	0.190985507	0.195161321	0.183109588	0.171290513	0.153149431	0.175241553	0.220858625	0.224212645	0.200644887	0.258282576	0.220013881	0.244962177	0.231619392	0.187019502	0.228145809	0.234696336	0.197342496	0.10703922	0.080586615	0.147199968	0.18906398	0.170257194	0.170356314	0.162000508	0.126377554	0.161127784	0.223581185	0.187774472	0.163534739	0.135944377	0.178388362	0.203693694	0.169416053	0.181135011	0.171335867	0.168984708	0.173290105	0.186622444	0.180371136	0.274024212	0.216050778	0.288899938	0.425602247	0.215083365	0.319063908	0.286789119	0.130417726	0.264659004	0.168083835	0.201651581	0.242724406	0.292460506	0.161397485	0.303068742	0.159843333	0.105744755	0.122628966	0.149572714	0.125229381	0.115605144	0.132141191	0.17093445	0.114792971	0.157875477	0.146987125	0.082580972	0.189498174	0	0.100236329	0.126349959	0.13058095	0.188814497	0.143855683	0.150202377	0.167826028	0.154963661	0.123739087	0.155977719	0.177319371	0.129381337	0.204185326	0.167827798	0.174407959	0.171223232	0.182073215	0.143485595	0.162081023	0.167746299	0.141435197	0.139026474	0.177026946	0.171103582	0.218498331	0.136326163	0.25638653	0.264344811	0.244496908	0.20250724	0.23331722	0.207850599	0.156063782	0.208466755	0.129387506	0.171915269	0.137583484	0.186009114	0.181538425	0.174509037	0.170733439	0.144978972	0.184361287	0.214058025	0.279123482	0.230192514	0.234558972	0.220929511	0.224167148	0.222815846	0.224222757	0.26029358	0.176005833	0.137099337	0.120102624	0.142344085	0.169341852	0.164745664	0.161714607	0.189700945	0.138810834	0.177368031	0.234577506	0.184461521	0.163763371	0.205829167	0.202207289	0.183803414	0.206498597	0.168233803	0.189718114	0.22889413	0.24942781	0.253632227	0.328960442	0.254000411	0.37541521	0.265137685	0.304021382	0.276461241	0.165536493	0.208804199	0.209222263	0.176139873	0.275520578	0.170136491	0.277028207	0.182136139	0.18999991	0.195850034	0.261285994	0.172948207	0.197870642	0.195501282	0.160020901	0.217628095	0.17105764	0.154412651	0.173895212	0.153038099	0.189153754	0.174148554	0.222824888	0.173016257	0.191501146	0.159083068	0.160193299	0.203750917	0.171699628	0.20719569
18S_TGP_21_5	0.105127602	0.110585061	0.120880828	0.126112541	0.156184929	0.122185424	0.139789571	0.162335581	0.237345866	0.165864167	0.151288523	0.17520735	0.13793993	0.149745778	0.178401474	0.17918716	0.146252931	0.134166473	0.164128008	0.196995508	0.17383963	0.187021918	0.137659404	0.146221488	0.16204613	0.165563685	0.168056269	0.208198202	0.102645619	0.131734337	0.143466775	0.098424581	0.216362473	0.147407122	0.149852226	0.084387057	0.107831561	0.141677496	0.168046881	0.113949556	0.140919822	0.115413863	0.188932121	0.104110121	0.113536097	0.085301415	0.11136763	0.096339942	0.139007858	0.124585089	0.133658905	0.099452044	0.107158426	0.107546617	0.168786954	0.15182826	0.147558759	0.164295678	0.174308954	0.167187001	0.156199657	0.154471383	0.134255734	0.139543112	0.193212197	0.201926354	0.160159397	0.236007462	0.185713121	0.21146051	0.209501533	0.148516326	0.191247516	0.197751433	0.166242101	0.129393846	0.114494103	0.107095565	0.151772956	0.133100096	0.153636184	0.132947719	0.131653939	0.119615694	0.187749289	0.193790321	0.137924584	0.131754379	0.157861246	0.186035546	0.125701067	0.147040954	0.153443087	0.132487095	0.125006404	0.162177789	0.156551705	0.245560529	0.207083758	0.25199592	0.398969758	0.177111419	0.290743767	0.269469803	0.107167969	0.248799132	0.143317906	0.172801466	0.218380806	0.265857058	0.135959077	0.275648052	0.128628085	0.08355577	0.120239303	0.122992588	0.109198502	0.103330123	0.102866501	0.127916891	0.100140958	0.144403021	0.133605764	0.06165424	0.147143884	0.100236329	0	0.09188009	0.118467649	0.16959905	0.133116375	0.117123824	0.139017564	0.131227977	0.130697642	0.147000869	0.145601833	0.122963682	0.194004228	0.152880876	0.156346899	0.158059927	0.165573797	0.165160741	0.143714422	0.150328424	0.115500069	0.130067707	0.165701095	0.162760458	0.198677028	0.153435288	0.237147004	0.233609318	0.225804819	0.180522587	0.214148947	0.180313808	0.124115398	0.189544054	0.097717477	0.147609804	0.124535448	0.15031937	0.164607905	0.156074531	0.140853309	0.136279711	0.17962102	0.20879764	0.274400735	0.216353856	0.211319832	0.200181114	0.192017085	0.205765145	0.21515894	0.237354123	0.171642149	0.151080333	0.135079359	0.147570193	0.183936172	0.160114702	0.152194924	0.181630034	0.13477145	0.163525073	0.212416375	0.173026514	0.144904602	0.193136251	0.167003525	0.166262904	0.194599859	0.1489752	0.163758909	0.205097657	0.230464998	0.22923719	0.315648955	0.237358698	0.337654649	0.225327726	0.272972322	0.241080232	0.128302806	0.190356298	0.18568325	0.184220319	0.258289616	0.190909361	0.261594679	0.198062531	0.205951735	0.180998106	0.236504782	0.130604054	0.177181925	0.158512314	0.144029048	0.18021676	0.122568728	0.128700771	0.150763673	0.115763811	0.149419631	0.151993826	0.208535262	0.149259292	0.172348183	0.137295668	0.150351726	0.185257224	0.15203108	0.187969226
18S_TGP_21_7	0.084969979	0.131046683	0.123570301	0.108459487	0.157357482	0.123554632	0.108708703	0.108903461	0.224740556	0.127908768	0.120476485	0.124374346	0.147850676	0.133968203	0.126420178	0.114703793	0.125920744	0.126667826	0.095714949	0.169220206	0.138108719	0.141100083	0.097811942	0.138705714	0.127527589	0.116398766	0.106507933	0.182870129	0.086812192	0.108995191	0.11670148	0.102652501	0.212388241	0.116066274	0.125208552	0.075738182	0.111113148	0.124673702	0.142447069	0.102444948	0.117115812	0.109459108	0.178384606	0.1030949	0.089955886	0.10372203	0.092657573	0.104738255	0.131076952	0.126883195	0.122055628	0.09519003	0.114715998	0.156547887	0.140068039	0.114963024	0.140782073	0.123870423	0.145214324	0.145746026	0.125249014	0.137807019	0.115217311	0.135110065	0.166062136	0.177777424	0.138905171	0.228462518	0.161533839	0.183631503	0.190114728	0.140351623	0.160109455	0.175794218	0.132959035	0.13980668	0.146998319	0.087482704	0.126440832	0.129363048	0.114337552	0.097888212	0.153096866	0.096818736	0.157845863	0.166007327	0.11907966	0.117585858	0.118599648	0.160229838	0.118707921	0.102679551	0.136172269	0.123630748	0.117812235	0.126193952	0.150915264	0.248445086	0.194338767	0.246850639	0.395961574	0.160361346	0.30091014	0.276319233	0.11859324	0.272739281	0.12164892	0.181902181	0.252288629	0.275738145	0.151155333	0.259195528	0.139263177	0.10155083	0.12104928	0.109636083	0.08149804	0.090948778	0.097349396	0.100842985	0.09726429	0.096680916	0.081248591	0.076828677	0.141138463	0.126349959	0.09188009	0	0.102926336	0.135866373	0.07990539	0.092077634	0.111859981	0.100491567	0.130209045	0.124934107	0.113667062	0.112343527	0.164201768	0.127565384	0.121621329	0.128010146	0.127162188	0.164256444	0.141031924	0.105702046	0.110985593	0.130875949	0.135760037	0.163870094	0.164234952	0.163494634	0.206463517	0.201596959	0.197876433	0.143165897	0.182137163	0.16381668	0.092672942	0.17866909	0.081486907	0.112945421	0.124161224	0.112673834	0.134985765	0.150723567	0.13124445	0.11043934	0.182667995	0.185003344	0.255646605	0.195572402	0.176581965	0.16560273	0.148710755	0.172020847	0.18623379	0.204498896	0.135947252	0.137289931	0.137919181	0.155336154	0.159460572	0.157065678	0.122063152	0.146300441	0.116149437	0.123273333	0.169922608	0.133693171	0.11971942	0.147670799	0.138024722	0.135857487	0.153369573	0.134792907	0.127323563	0.157194034	0.218099915	0.208140242	0.318768231	0.223648162	0.311793085	0.203382565	0.241614891	0.217905991	0.136504405	0.19263336	0.166176659	0.188348547	0.23792812	0.205534142	0.253425997	0.208810329	0.228755786	0.193616277	0.221390743	0.100848245	0.15795906	0.11537173	0.10968531	0.150892453	0.097625326	0.110715341	0.108932798	0.097579685	0.117892893	0.124115754	0.172770817	0.09971045	0.117819921	0.11142797	0.142461196	0.140985055	0.114311115	0.168118637
18S_TGP_21_9	0.143664336	0.133421148	0.119351308	0.171789997	0.142783966	0.120298302	0.143235045	0.157328585	0.264564892	0.180137517	0.181837775	0.199515265	0.19491801	0.203290413	0.20203835	0.188372902	0.172092757	0.188896646	0.163462642	0.19468019	0.211773403	0.192474841	0.14480978	0.154435814	0.209504029	0.183330814	0.178828905	0.180686222	0.142679763	0.165062206	0.162255572	0.111019991	0.179766599	0.16649912	0.140159116	0.1244316	0.110011044	0.172209233	0.141380514	0.129542885	0.18452526	0.178224246	0.164442527	0.159292449	0.170818555	0.133977547	0.147065217	0.161579281	0.130324844	0.119503957	0.175516308	0.146067862	0.132742082	0.151502681	0.201025608	0.179603913	0.196427092	0.153353843	0.192490089	0.158922466	0.170577514	0.192618549	0.168964383	0.195033767	0.232749963	0.24622529	0.169453529	0.251517342	0.226119584	0.227453428	0.248687373	0.197224807	0.206290211	0.16570504	0.206653837	0.145182662	0.128859665	0.133366057	0.206363474	0.160018078	0.190616508	0.142952776	0.121173819	0.168562992	0.162860595	0.203710698	0.163325149	0.187395527	0.184891296	0.159636385	0.173149997	0.148667215	0.123957128	0.181923116	0.174273619	0.147355563	0.138792253	0.2079815	0.187928558	0.226920928	0.367111965	0.14997004	0.259864112	0.242438104	0.097694125	0.225609909	0.120852629	0.160083783	0.197741218	0.242622382	0.117754727	0.252266327	0.113286984	0.113310042	0.160712749	0.166359487	0.140317327	0.138796023	0.15041425	0.171479581	0.136157723	0.172435879	0.154430363	0.100996105	0.153490334	0.13058095	0.118467649	0.102926336	0	0.219040913	0.151112308	0.162968872	0.185381797	0.15514211	0.155032293	0.1954401	0.177773432	0.152281043	0.200705719	0.203052227	0.152844603	0.171220194	0.194395728	0.198884471	0.190583271	0.151829716	0.132890621	0.176258114	0.211110393	0.215714412	0.237536541	0.199656433	0.278320582	0.269446798	0.257230817	0.216893558	0.257067912	0.228811672	0.169221022	0.173146949	0.150805038	0.133203277	0.156638932	0.183885421	0.159552052	0.185892055	0.188906886	0.156370532	0.202459307	0.218854713	0.294615315	0.244594984	0.251635731	0.238641436	0.218911609	0.243159836	0.238659588	0.27872708	0.178225869	0.171405953	0.167625032	0.187096592	0.162350033	0.202946782	0.147156974	0.18960889	0.185508174	0.181627478	0.190454779	0.183568542	0.152572973	0.171622822	0.155716523	0.151804475	0.162176516	0.131478659	0.151980247	0.184969819	0.218524346	0.264892664	0.281778338	0.203452276	0.314529091	0.237829262	0.247367261	0.236263343	0.131759092	0.139074842	0.208613203	0.197446735	0.260713031	0.181362059	0.271441765	0.22296068	0.206200738	0.133923751	0.21755149	0.159280584	0.204886829	0.188814768	0.181295339	0.151860888	0.158787813	0.126356052	0.138897025	0.152637715	0.189879588	0.164784444	0.234604658	0.176959894	0.192289005	0.168148481	0.199726019	0.187461087	0.160890186	0.219634614
18S_TGP_22_1	0.137180661	0.193489982	0.200730111	0.158048595	0.22381389	0.20347608	0.184539067	0.128182464	0.183594665	0.143186371	0.145722808	0.105582768	0.137362834	0.10149941	0.08680594	0.11414312	0.15331049	0.096696704	0.129331862	0.183819289	0.108065742	0.142209465	0.138948539	0.191983895	0.10376862	0.121811765	0.112923318	0.226909334	0.138442281	0.151619788	0.17607339	0.181631825	0.286649119	0.156745244	0.190838134	0.149723478	0.187759159	0.14049569	0.208273071	0.164914574	0.149498054	0.126127289	0.256470277	0.137461986	0.109052531	0.17128352	0.160507183	0.171307393	0.201866366	0.201977611	0.132605089	0.166867236	0.165086782	0.234036546	0.156178887	0.137115966	0.130978728	0.15926394	0.162751948	0.214418576	0.167147173	0.147174301	0.166502819	0.142776272	0.124251643	0.150037186	0.169624527	0.242348834	0.124992721	0.158355234	0.153766882	0.108648514	0.144102489	0.197931154	0.102224818	0.224348611	0.232779051	0.140748362	0.080996186	0.134123883	0.092600714	0.13425172	0.210669889	0.082036185	0.161843515	0.147362053	0.116569494	0.091069365	0.086837453	0.167909487	0.128378444	0.122633072	0.178163693	0.080577928	0.140551514	0.15073623	0.196299532	0.308727265	0.191225945	0.305916044	0.44919171	0.194084485	0.376354964	0.327331695	0.170919304	0.343256878	0.167586794	0.237506572	0.314736246	0.326491558	0.219152457	0.297727186	0.20817746	0.191859169	0.167287372	0.145085502	0.147704126	0.149890405	0.156514896	0.128343937	0.176262163	0.125768541	0.123989463	0.169417347	0.190368404	0.188814497	0.16959905	0.135866373	0.219040913	0	0.11277003	0.090820389	0.096673048	0.125614765	0.150352764	0.069586723	0.097352511	0.141282819	0.136886906	0.077947809	0.14706986	0.112986568	0.081932622	0.122953761	0.113792198	0.10816151	0.143026707	0.11788509	0.064597853	0.120892496	0.114305483	0.134570718	0.128301023	0.133854238	0.138794671	0.082232831	0.097352728	0.102682234	0.105953961	0.203177454	0.100698379	0.153296629	0.150489317	0.097161929	0.129506757	0.147668876	0.151412989	0.134529135	0.155543098	0.162535604	0.203802832	0.148127315	0.119132694	0.106237056	0.133134798	0.116328506	0.139901551	0.131433319	0.12667369	0.156358948	0.152186891	0.132608615	0.148358748	0.132754105	0.172414878	0.146510292	0.110522775	0.122773158	0.170005594	0.124836421	0.156645259	0.16770831	0.170569868	0.182344689	0.192418749	0.176241428	0.140403313	0.190131694	0.229332574	0.179264484	0.335559743	0.237856112	0.311809039	0.194379723	0.251798224	0.22455861	0.164599867	0.226713385	0.144774345	0.169191053	0.217822407	0.257721876	0.25702466	0.176496009	0.297004404	0.22666648	0.231251436	0.159667457	0.140475756	0.08351622	0.12982728	0.208804485	0.099766987	0.172907139	0.153321218	0.143196405	0.148421395	0.18227025	0.145381323	0.119733206	0.113198049	0.148324782	0.136997574	0.136578675	0.146517474	0.135986111
18S_TGP_22_10	0.076699843	0.127777425	0.123568395	0.124027849	0.174909695	0.134358293	0.133591013	0.085803912	0.19587044	0.120605015	0.125073276	0.097646739	0.118958525	0.101178056	0.115551512	0.088118132	0.127883294	0.091598127	0.086500817	0.137946203	0.097451347	0.112898332	0.111583915	0.133986006	0.09552474	0.081774958	0.096092947	0.170360085	0.115026812	0.142821156	0.13943849	0.131489365	0.238924805	0.133025117	0.137623622	0.096989214	0.115541003	0.105311939	0.12928928	0.099609245	0.128533897	0.115679044	0.204999678	0.121550388	0.098235483	0.127090512	0.113840799	0.11200426	0.134998579	0.147285367	0.129219826	0.128322693	0.104873	0.191182355	0.14732729	0.106705831	0.129632921	0.099203986	0.145791319	0.1505213	0.144286919	0.144099638	0.123314758	0.121005576	0.150652818	0.161622705	0.158492036	0.221697596	0.157981118	0.167984791	0.175242041	0.14104538	0.156736195	0.167039685	0.131855251	0.158365074	0.180885304	0.085807821	0.094760294	0.101948793	0.084963497	0.070075133	0.135886811	0.075185766	0.140429117	0.120226559	0.10069783	0.091638739	0.086321232	0.149405906	0.133947201	0.10184189	0.134382152	0.102133769	0.127306161	0.092369694	0.136341063	0.249291289	0.160528267	0.250303302	0.40853761	0.135703153	0.314218272	0.279450471	0.109661954	0.28170505	0.113556634	0.18511826	0.257871828	0.285741466	0.152713867	0.255634757	0.149178766	0.131821923	0.153569937	0.137499491	0.109275139	0.106302825	0.120968966	0.124906119	0.120606542	0.115481713	0.079543133	0.112398876	0.144548867	0.143855683	0.133116375	0.07990539	0.151112308	0.11277003	0	0.074614671	0.079436097	0.075660332	0.10283242	0.087599377	0.078587324	0.089712388	0.120895636	0.091082321	0.102665059	0.09184145	0.093115637	0.12330663	0.104614697	0.066766912	0.099644461	0.097729433	0.097387077	0.162074675	0.14455381	0.139368307	0.180970647	0.189829819	0.173615353	0.122425048	0.160072032	0.145814686	0.088516189	0.159454481	0.068040939	0.092596372	0.092694066	0.081429356	0.09045877	0.115557853	0.14088224	0.075552146	0.167202915	0.158685563	0.230609248	0.171807732	0.159562527	0.137013711	0.137625668	0.152598287	0.159762909	0.183683463	0.096154179	0.108159326	0.126978547	0.115109427	0.1176225	0.127863556	0.111269496	0.122997982	0.100667533	0.102175346	0.159584773	0.106962807	0.103219923	0.125457533	0.131493	0.125073399	0.138969432	0.125346715	0.100365199	0.142718837	0.206901326	0.183259844	0.296617613	0.212297236	0.304989369	0.196866971	0.230949675	0.20674777	0.12936144	0.192420805	0.136933773	0.188998452	0.229933949	0.201095095	0.240595928	0.190974405	0.255875513	0.182510429	0.212371248	0.110793417	0.125314005	0.109103809	0.116752916	0.156651513	0.106806131	0.108129456	0.099096281	0.08744237	0.101209449	0.124058116	0.144618231	0.091754795	0.112279036	0.107166206	0.090742407	0.13974209	0.10660213	0.132236044
18S_TGP_22_2	0.102916099	0.154735036	0.155804516	0.145048778	0.177481859	0.157150738	0.159238257	0.13111579	0.223534636	0.160171877	0.164842009	0.13771312	0.147218619	0.132771716	0.122208215	0.109732884	0.170430324	0.080269751	0.126275138	0.168925115	0.124669441	0.160930694	0.139069507	0.166272022	0.127414397	0.117554075	0.11550032	0.199597913	0.123233444	0.112528517	0.12434085	0.150752532	0.233769124	0.111972729	0.15741662	0.102304563	0.149316272	0.124319167	0.16620794	0.11332919	0.142748363	0.113409854	0.224111617	0.119455576	0.11092136	0.113500263	0.110883511	0.126070738	0.154568187	0.138866772	0.115752618	0.140304677	0.126920363	0.181868059	0.180092364	0.141508608	0.153214285	0.144046195	0.182476108	0.190930453	0.168628628	0.168238528	0.16429069	0.13851029	0.130720004	0.165893615	0.146489109	0.22737841	0.123760896	0.158488115	0.158360232	0.109502294	0.129897657	0.168120718	0.119678239	0.174864602	0.18102302	0.089086115	0.111160396	0.103960398	0.081594326	0.100089881	0.168715486	0.075616426	0.137236621	0.146824607	0.105567457	0.080283932	0.074378075	0.125390814	0.094852547	0.101683709	0.126953576	0.087717746	0.119326103	0.126958474	0.170133546	0.277608178	0.172516403	0.271562035	0.423731983	0.163624458	0.32591971	0.289347402	0.121839439	0.293175446	0.140872151	0.199250251	0.262677122	0.278994422	0.170878266	0.266299409	0.16703713	0.153503441	0.172346121	0.15545343	0.134326002	0.126214357	0.139418058	0.145774208	0.150849101	0.124160092	0.125483736	0.131361739	0.153997558	0.150202377	0.117123824	0.092077634	0.162968872	0.090820389	0.074614671	0	0.08329961	0.090080774	0.119123224	0.090607016	0.080065248	0.091066524	0.151180255	0.10200973	0.113557785	0.120336126	0.106122273	0.136920879	0.106809219	0.093615745	0.101735226	0.108607705	0.088460298	0.137605658	0.128575378	0.145734372	0.169464172	0.172222366	0.199096043	0.115658354	0.145490575	0.130698176	0.086818942	0.171072543	0.069180257	0.126011225	0.124670769	0.085191624	0.118294769	0.137950103	0.154874215	0.100389903	0.181045494	0.174834865	0.251344996	0.194579457	0.168901529	0.152790725	0.13980133	0.166160539	0.172883867	0.172045823	0.140855295	0.145926267	0.154249579	0.13492052	0.145538975	0.142665178	0.13984895	0.157149744	0.117267565	0.141847182	0.176744097	0.122409288	0.122715	0.159848024	0.150755484	0.15010349	0.160543373	0.138766416	0.11809187	0.171678782	0.227035935	0.188006767	0.316305146	0.228669362	0.293349143	0.189851435	0.243220005	0.221271661	0.128350135	0.197045819	0.144850706	0.187260873	0.238278174	0.212552195	0.255092179	0.2011433	0.251425403	0.189725716	0.226252882	0.132016262	0.164226013	0.105584027	0.144195208	0.175982353	0.087758579	0.132365266	0.116174372	0.117605838	0.140196972	0.17044322	0.182880823	0.114564293	0.143199848	0.1452786	0.137189334	0.162717966	0.146324096	0.16350789
18S_TGP_22_3	0.092706037	0.137011509	0.163562311	0.122796903	0.196054865	0.158141355	0.161701894	0.115443818	0.202012523	0.141120242	0.132904666	0.122811884	0.139946302	0.102819625	0.11804015	0.115013714	0.138718421	0.08333714	0.104982781	0.160679596	0.098710966	0.141180428	0.139293811	0.171621457	0.08928484	0.12171668	0.103870705	0.206669343	0.14195663	0.145722486	0.142564559	0.152567886	0.274176958	0.146267308	0.171638336	0.124978306	0.161509552	0.10816648	0.179130097	0.132087811	0.141176896	0.091769441	0.252184038	0.142711192	0.10430308	0.139309729	0.128027091	0.137608227	0.166573023	0.164143227	0.142340211	0.16952165	0.1277785	0.215680261	0.149495704	0.115067932	0.128492514	0.139503808	0.150402908	0.181511534	0.162760278	0.149106464	0.144231766	0.104344417	0.12498013	0.157026372	0.160222391	0.231045117	0.134978517	0.174567777	0.147884402	0.109675991	0.146219633	0.190793062	0.127837524	0.183647094	0.206286329	0.104801795	0.089869883	0.12846536	0.100303897	0.104948686	0.174616818	0.075080829	0.167409616	0.158230724	0.115523088	0.085892858	0.083874765	0.165349996	0.137040736	0.110340313	0.170349214	0.090753801	0.134917689	0.126554102	0.174423179	0.289592376	0.19208484	0.280810817	0.439435291	0.172709819	0.338358474	0.308066478	0.140551623	0.305689319	0.138252118	0.2107295	0.284431744	0.312149567	0.183793015	0.291701562	0.164525619	0.151503552	0.156396754	0.129533516	0.115332703	0.115881151	0.149950114	0.140176594	0.144651856	0.108548169	0.100888821	0.143269251	0.163680733	0.167826028	0.139017564	0.111859981	0.185381797	0.096673048	0.079436097	0.08329961	0	0.094392864	0.111766591	0.095012504	0.094404881	0.106388635	0.138218346	0.087908188	0.121572607	0.092181181	0.093055008	0.126361279	0.122770029	0.104176113	0.112024238	0.076610756	0.080329603	0.129556558	0.131813118	0.133624167	0.153750512	0.171955673	0.17212816	0.106092244	0.132255921	0.119860125	0.081638074	0.173137086	0.093399445	0.13925441	0.11011296	0.091462135	0.126869429	0.11994327	0.136331225	0.114703763	0.161825348	0.16140446	0.230687007	0.171833946	0.151062379	0.132300395	0.133641461	0.139099962	0.163124676	0.157909848	0.113041892	0.141891567	0.132835985	0.104634326	0.143483872	0.138862117	0.14955469	0.133927358	0.106674455	0.10848111	0.174214249	0.125360658	0.106386024	0.154090064	0.132393304	0.147802988	0.160481243	0.139458896	0.128558006	0.164599973	0.236427479	0.186608353	0.330744836	0.224176059	0.328058216	0.206854155	0.259722767	0.239549849	0.146217083	0.214961849	0.135757794	0.18077382	0.235331859	0.232152646	0.250809597	0.181616523	0.273756073	0.19201952	0.234372546	0.127480491	0.115445758	0.103878536	0.137953084	0.191240096	0.096444619	0.132368621	0.130327097	0.109021373	0.112922759	0.148173255	0.160075246	0.100640875	0.119261537	0.11868307	0.101357321	0.155297681	0.118794963	0.126582718
18S_TGP_22_4	0.093261327	0.150711954	0.132551556	0.130624982	0.162119995	0.145919391	0.167676346	0.095220983	0.212596593	0.13595447	0.136270451	0.123562862	0.129952392	0.110149157	0.129537966	0.09122214	0.144139872	0.09293961	0.087563494	0.123522214	0.108054224	0.146687797	0.130130367	0.172473564	0.132336299	0.103155161	0.12930623	0.185274203	0.13808813	0.145011248	0.140182889	0.155404729	0.236578196	0.140410461	0.132625275	0.094758151	0.125195456	0.122622944	0.137179585	0.133787467	0.140133876	0.109013659	0.227557772	0.133011091	0.107264607	0.123016044	0.127094955	0.129204104	0.134060136	0.137870709	0.129472988	0.158376364	0.111104028	0.180901914	0.153780015	0.111230889	0.133363684	0.145154735	0.156729626	0.171525018	0.172016083	0.155857185	0.15523065	0.114792204	0.149655008	0.167647017	0.167423793	0.233578971	0.162139901	0.186662096	0.184081071	0.150660104	0.167122855	0.176017653	0.133766133	0.129729912	0.168589639	0.100453046	0.103875536	0.094605646	0.078340405	0.104126698	0.141822714	0.096536027	0.115402571	0.147071931	0.134580241	0.093346274	0.086546544	0.154029708	0.12214911	0.101960086	0.140384692	0.12714467	0.135405527	0.087688876	0.121743927	0.236785582	0.184865023	0.251438291	0.406762443	0.132117579	0.309385305	0.267487334	0.094303799	0.259522302	0.09906129	0.187242773	0.244329948	0.27543743	0.127426284	0.252718533	0.136606733	0.146646196	0.153131384	0.137221176	0.104482418	0.100774876	0.1495841	0.141151163	0.134975027	0.11952822	0.090805411	0.124904612	0.10993859	0.154963661	0.131227977	0.100491567	0.15514211	0.125614765	0.075660332	0.090080774	0.094392864	0	0.079682565	0.110247078	0.065276371	0.066839392	0.111524315	0.109085862	0.074525549	0.102757007	0.09249962	0.133080565	0.114057071	0.055885246	0.100666279	0.086148198	0.112914931	0.131391844	0.149242394	0.135545193	0.173072506	0.191303785	0.190166448	0.125432694	0.168381404	0.139164239	0.091540154	0.12173137	0.077518256	0.104680343	0.081092369	0.06463988	0.098558317	0.115784619	0.134092646	0.083526359	0.162883628	0.163914983	0.235660403	0.18197674	0.170344274	0.150563902	0.146568443	0.164812446	0.165432873	0.177699253	0.116551238	0.1141425	0.129686438	0.128513197	0.104759744	0.143430461	0.098879822	0.139217089	0.098852859	0.126964311	0.131123803	0.095159073	0.085932719	0.116874985	0.099808919	0.103401794	0.114351652	0.080974918	0.08400976	0.123740211	0.221040152	0.202368594	0.317612754	0.21683492	0.315690957	0.219312574	0.238113151	0.222356354	0.13195059	0.199004103	0.130002719	0.182021864	0.249430847	0.196733927	0.257139213	0.181157949	0.235677184	0.183080319	0.2378888	0.115619236	0.155888845	0.113501634	0.140465467	0.164127254	0.097385437	0.129773539	0.090599625	0.106724998	0.092604768	0.153428873	0.163151825	0.086556245	0.122232205	0.133803285	0.11194909	0.175401961	0.111688841	0.139598784
18S_TGP_22_5	0.092481027	0.125547856	0.113704886	0.149945628	0.187365546	0.128975475	0.179921059	0.11119001	0.214559921	0.147013686	0.153435321	0.148505277	0.137463877	0.143253109	0.164854124	0.136310031	0.150547653	0.111310234	0.138497089	0.137552085	0.143051958	0.146577218	0.138359447	0.178878029	0.158661584	0.142543824	0.151106469	0.234429398	0.172998494	0.187651933	0.176424071	0.167521787	0.255577309	0.185671939	0.194439173	0.119375873	0.145827467	0.12809291	0.188321271	0.149823067	0.183883651	0.141487216	0.254870276	0.173630168	0.149172828	0.135548263	0.16694172	0.137021408	0.180715623	0.173868147	0.166384528	0.18401829	0.118514233	0.160811375	0.169950039	0.141488101	0.147611703	0.153893662	0.167210251	0.196102175	0.18209527	0.160981263	0.170634182	0.139693583	0.171459756	0.175866069	0.181338683	0.227717595	0.186112347	0.215157259	0.206784651	0.163707126	0.193345926	0.197679455	0.179637361	0.109626718	0.146094631	0.140243775	0.136335112	0.135205005	0.122011648	0.132048787	0.129363142	0.127900258	0.170630406	0.151804061	0.129453401	0.117097277	0.118975111	0.201826701	0.164363643	0.151038479	0.159470084	0.156748188	0.175003768	0.12229867	0.151929608	0.263563687	0.21118852	0.290955201	0.428658147	0.185814324	0.320293749	0.2804683	0.10738683	0.246469627	0.127035973	0.206792664	0.234857836	0.295964411	0.154081585	0.292961927	0.142498354	0.133074077	0.141701683	0.153068427	0.12008677	0.106145674	0.181446999	0.173350279	0.122622484	0.156174903	0.120064048	0.123568237	0.166071313	0.123739087	0.130697642	0.130209045	0.155032293	0.150352764	0.10283242	0.119123224	0.111766591	0.079682565	0	0.127214477	0.116199174	0.071959735	0.126930998	0.117955936	0.107611974	0.098127293	0.119761498	0.103717488	0.115540942	0.109944399	0.072290424	0.064980474	0.129834802	0.120589312	0.174191078	0.087898218	0.200485549	0.216755687	0.189867462	0.146949928	0.186622487	0.147306264	0.127415384	0.140935885	0.097880118	0.13418	0.096133243	0.112723809	0.124478618	0.123257438	0.146755547	0.095838753	0.125781455	0.160027044	0.225680356	0.177756507	0.185212842	0.174556503	0.180267977	0.173004593	0.171834537	0.206154967	0.111419776	0.119847606	0.114206187	0.111639449	0.106650478	0.130614757	0.127751015	0.132171832	0.115982015	0.120330266	0.175952416	0.118796533	0.106841328	0.150494844	0.144747167	0.130512356	0.147660008	0.078633812	0.123048549	0.17401432	0.232803514	0.235909857	0.319055414	0.216595264	0.365207573	0.251954562	0.280703198	0.259749466	0.117916562	0.191273818	0.155878868	0.140969036	0.241502912	0.164370505	0.246268094	0.143619766	0.207121999	0.15068354	0.229018848	0.140044117	0.15258524	0.150630882	0.156192235	0.195701441	0.135043639	0.143395367	0.143646536	0.136294435	0.138377689	0.165601297	0.180416565	0.122713984	0.15987505	0.15041613	0.11777582	0.178706795	0.115516667	0.141060669
18S_TGP_22_6	0.109362489	0.160318722	0.1695595	0.142843165	0.208435476	0.176965721	0.170809357	0.114095919	0.179235384	0.135727649	0.1394742	0.106958404	0.108602064	0.09433154	0.119060818	0.133027665	0.134811647	0.105594112	0.135047401	0.163498294	0.109247789	0.135581288	0.125708518	0.163493747	0.10421254	0.115779528	0.115305468	0.220074778	0.118634907	0.17466317	0.181694335	0.159943782	0.270817113	0.170555255	0.182672135	0.12709566	0.161767791	0.137941745	0.19278153	0.146255953	0.152036263	0.129225094	0.236749495	0.135909202	0.110136801	0.170523785	0.153681157	0.137121601	0.178740328	0.187476812	0.148487235	0.15221624	0.134079945	0.214837297	0.153957342	0.125134367	0.120814389	0.13890052	0.153072649	0.196382651	0.156204501	0.137945361	0.152478695	0.13110156	0.137007621	0.134620309	0.177274182	0.222611783	0.144290776	0.171994738	0.158154337	0.126525506	0.160027177	0.189036413	0.137924624	0.196480729	0.209022712	0.128442688	0.075352027	0.10210632	0.106246668	0.11068977	0.179570536	0.079296267	0.156896152	0.117483292	0.09012578	0.079562655	0.100438357	0.167167552	0.133311102	0.149003846	0.154000039	0.09800685	0.134305549	0.118146505	0.167309651	0.27851834	0.15247565	0.284480247	0.42904219	0.171674581	0.353579704	0.295154509	0.136436221	0.313192403	0.146543032	0.214369987	0.280457805	0.307814699	0.189178335	0.275467812	0.181898137	0.161421694	0.165513359	0.143671569	0.13220611	0.124246586	0.13956134	0.135414595	0.145047948	0.141013911	0.108878741	0.140896437	0.175933251	0.155977719	0.147000869	0.124934107	0.1954401	0.069586723	0.087599377	0.090607016	0.095012504	0.110247078	0.127214477	0	0.102930927	0.123536935	0.125975701	0.067539034	0.122623956	0.094004618	0.069868127	0.089276154	0.094235805	0.107548227	0.124443871	0.094879389	0.081138626	0.149303137	0.139684937	0.122617142	0.151838403	0.161310991	0.140754694	0.113125744	0.115211478	0.128425802	0.102089347	0.183838238	0.072463523	0.133749107	0.113134728	0.108470438	0.09487691	0.120070685	0.140465106	0.102408321	0.141065307	0.140805175	0.194480262	0.145970597	0.122165388	0.098825299	0.127232253	0.104738208	0.123976354	0.149646154	0.115747602	0.130077924	0.119481623	0.099887162	0.123433821	0.112444014	0.159068284	0.137418774	0.099051131	0.114109799	0.182457566	0.127158036	0.13706248	0.156631074	0.171687875	0.170812463	0.182021061	0.14925416	0.132240162	0.184513719	0.210023899	0.176018187	0.300173555	0.217131305	0.331407251	0.19593777	0.248679468	0.210800854	0.143314476	0.203499423	0.132927731	0.162949374	0.209951105	0.234334959	0.23528234	0.159128752	0.275299972	0.198603995	0.222144587	0.152402387	0.125641169	0.117263227	0.130202919	0.198185249	0.109232456	0.151448596	0.142332406	0.119427984	0.142232863	0.169052693	0.132467902	0.131330984	0.123915692	0.130310249	0.105073127	0.126877625	0.140561667	0.111856339
18S_TGP_22_7	0.118435251	0.179236762	0.168604973	0.169066308	0.192364325	0.17151327	0.171873813	0.088851429	0.216242045	0.152163481	0.146994371	0.124842104	0.13267605	0.120724422	0.120830384	0.083924683	0.159614378	0.111547549	0.085345025	0.142359947	0.104903511	0.138644653	0.143879949	0.170238347	0.116861764	0.091092632	0.10984139	0.174643488	0.138702242	0.146350901	0.151930485	0.164220242	0.241391112	0.132895421	0.125214433	0.105995933	0.131937425	0.117304364	0.142121703	0.14637106	0.128613037	0.13814786	0.225082714	0.124904299	0.100764618	0.145174151	0.136342567	0.154419262	0.140490952	0.159292445	0.127032181	0.14938762	0.129912665	0.202122375	0.169617859	0.129399451	0.133792901	0.151312972	0.168601152	0.17062718	0.169286744	0.166267317	0.150845006	0.143837359	0.149735514	0.180634173	0.172110001	0.239847037	0.150747937	0.159341272	0.18149042	0.147836719	0.157307574	0.175379969	0.124462101	0.156560033	0.195360142	0.110195116	0.096797961	0.087131082	0.0736982	0.100182132	0.157252006	0.08181335	0.099693909	0.13975815	0.119882909	0.088068177	0.072849371	0.142158758	0.110407322	0.09580851	0.129020777	0.101385589	0.117964976	0.086438146	0.143603045	0.238874218	0.171291967	0.259483535	0.408331609	0.125928954	0.334051466	0.285998583	0.119444011	0.296735932	0.114600374	0.194709885	0.273426759	0.277285318	0.163306984	0.244385399	0.17224096	0.180872036	0.182084251	0.160498087	0.14049557	0.141946696	0.150976679	0.142330505	0.172410737	0.137924703	0.108478002	0.146339426	0.127668572	0.177319371	0.145601833	0.113667062	0.177773432	0.097352511	0.078587324	0.080065248	0.094404881	0.065276371	0.116199174	0.102930927	0	0.096245868	0.100663287	0.109403654	0.09893379	0.118186723	0.099542651	0.153934913	0.128132829	0.061588588	0.120656832	0.121765627	0.097907573	0.16358288	0.142933389	0.165108005	0.176828654	0.178471801	0.193089429	0.119759069	0.148037877	0.151090907	0.089248722	0.153501081	0.08285938	0.098565956	0.104865975	0.047757098	0.083730112	0.145482614	0.145240034	0.095877023	0.194716651	0.174369693	0.238903141	0.189975795	0.16600508	0.141511534	0.132310375	0.156076964	0.169406622	0.177101892	0.116355368	0.148825108	0.153137377	0.140002348	0.107966008	0.148147008	0.115414297	0.140548412	0.129237085	0.128151106	0.135240059	0.099784169	0.110771174	0.125897322	0.11734303	0.133835375	0.137505207	0.120315512	0.072547829	0.130551472	0.208618077	0.188103954	0.310830781	0.222689034	0.29137053	0.19749189	0.227636044	0.204152795	0.14339015	0.202216668	0.15561292	0.202242306	0.240561553	0.225524366	0.261130675	0.218140928	0.262938808	0.19884555	0.229456575	0.11948747	0.155135524	0.113935419	0.139269203	0.158749574	0.095022066	0.139886974	0.09539237	0.121559865	0.107378701	0.151812611	0.164795022	0.096136002	0.126509231	0.14483558	0.125991767	0.164590934	0.119355628	0.142165477
18S_TGP_22_8	0.100388404	0.141429784	0.111987321	0.155231929	0.142515026	0.139329495	0.183124357	0.134414914	0.239409616	0.171073306	0.166853003	0.152698935	0.149610331	0.139331764	0.147379967	0.116637338	0.17574903	0.087361493	0.110174194	0.152825657	0.145235477	0.176705047	0.156547892	0.172578305	0.145145439	0.135300609	0.146674245	0.197031572	0.149531227	0.153487575	0.143076754	0.176009354	0.253188268	0.149000975	0.16233887	0.110902095	0.145591026	0.15353618	0.158625161	0.141745051	0.167289718	0.120332011	0.237424533	0.139075098	0.136249978	0.095476603	0.1311316	0.125525936	0.156216615	0.136635107	0.127665914	0.166361536	0.126517113	0.150937519	0.188222823	0.150397804	0.162746832	0.168784463	0.189760344	0.193922352	0.191613717	0.181937872	0.175324218	0.14532995	0.159454566	0.176164848	0.160078429	0.246617996	0.171394872	0.186641058	0.189856519	0.14410843	0.172261749	0.198571397	0.151462545	0.10815125	0.144184447	0.106138202	0.141872829	0.119778424	0.09303468	0.126075783	0.130857941	0.113664115	0.151013325	0.16440078	0.151409402	0.101783701	0.10277301	0.148990937	0.130596807	0.118041785	0.163496515	0.138120307	0.14097692	0.122003835	0.137452369	0.258371079	0.196147758	0.269345538	0.421916759	0.159501492	0.318076535	0.282945221	0.109617183	0.234908713	0.122472823	0.205045486	0.235201332	0.291065578	0.153019933	0.268652658	0.128544823	0.133702053	0.164523038	0.160649263	0.114991924	0.091741061	0.156287897	0.171509161	0.124730005	0.137265829	0.119832582	0.118945882	0.139053285	0.129381337	0.122963682	0.112343527	0.152281043	0.141282819	0.089712388	0.091066524	0.106388635	0.066839392	0.071959735	0.123536935	0.096245868	0	0.148335354	0.133975631	0.100888328	0.142736172	0.13448938	0.13888407	0.134110126	0.082624513	0.082151696	0.093472251	0.126519065	0.110380512	0.161348098	0.108270094	0.197124329	0.212527014	0.217466	0.145732631	0.177886343	0.140032422	0.105467773	0.138456616	0.10107046	0.126196316	0.093472997	0.102234415	0.125080011	0.15444847	0.168237659	0.117399197	0.152683859	0.194397269	0.263861155	0.210545452	0.190474917	0.171986658	0.178958606	0.188403877	0.193955504	0.204997733	0.151288235	0.137765932	0.136931101	0.143457964	0.136658007	0.157310898	0.142419457	0.177597337	0.114679317	0.164929989	0.163482099	0.122051663	0.108941605	0.149670712	0.135693958	0.139131311	0.145819122	0.097343008	0.125895363	0.155718817	0.235570168	0.204780545	0.324695105	0.236303822	0.321241571	0.224353593	0.25279367	0.237889447	0.121717665	0.196488864	0.150785599	0.17385089	0.266250688	0.162974664	0.271098597	0.174823088	0.203340068	0.168585067	0.251392427	0.140406927	0.180552775	0.14760446	0.16404247	0.18826362	0.11632825	0.147897344	0.110008636	0.12762805	0.120443284	0.173980172	0.194411897	0.103410014	0.152308074	0.149290991	0.12835959	0.19796606	0.144536977	0.176205086
18S_TGP_22_9	0.154006974	0.208651033	0.191439809	0.194785226	0.238601614	0.199109425	0.207161098	0.115617346	0.183954709	0.17569673	0.173192441	0.160100086	0.12499265	0.158072465	0.176331436	0.126758814	0.18582068	0.163644413	0.136109152	0.112566874	0.145273641	0.109983418	0.170932318	0.199780588	0.148063602	0.110652674	0.12453039	0.22865547	0.192288298	0.213971503	0.218659023	0.202043964	0.267290295	0.20567249	0.17956688	0.16091291	0.164983366	0.151904679	0.159833576	0.172099544	0.192023765	0.192852638	0.255202165	0.194716228	0.166583651	0.213223405	0.204791412	0.198363338	0.188935249	0.215439646	0.192991405	0.198192815	0.144820951	0.238262407	0.195049749	0.160131378	0.169290218	0.15563609	0.197946931	0.200533354	0.207446628	0.189398112	0.186298835	0.179984217	0.145107631	0.140836117	0.218414726	0.200608712	0.149570959	0.145903817	0.168797824	0.154990949	0.177510634	0.176991227	0.188601288	0.179320057	0.225116544	0.178884673	0.132194335	0.144116558	0.128406831	0.141938966	0.170401496	0.13316545	0.137880918	0.116470459	0.115624536	0.152217724	0.120661911	0.201206035	0.19064354	0.153831704	0.158771643	0.157941592	0.194206991	0.116661241	0.169446543	0.254192183	0.196207869	0.290303326	0.434262761	0.166337765	0.354629237	0.312263819	0.144511704	0.319334918	0.129138269	0.220783896	0.29748376	0.315269087	0.187078149	0.287127805	0.201682041	0.208751278	0.211817706	0.188367981	0.185546163	0.185411025	0.199968872	0.186039703	0.202417638	0.194603724	0.143783736	0.183067754	0.154393946	0.204185326	0.194004228	0.164201768	0.200705719	0.136886906	0.120895636	0.151180255	0.138218346	0.111524315	0.126930998	0.125975701	0.100663287	0.148335354	0	0.118418729	0.098801328	0.104347085	0.106872371	0.117556574	0.104626482	0.097889957	0.138412046	0.13915725	0.113803232	0.206364885	0.191211714	0.159407254	0.158132858	0.157318043	0.130627741	0.152355422	0.153908909	0.15475429	0.155578654	0.155072858	0.134439045	0.135519102	0.129484649	0.109163243	0.090645953	0.15900836	0.185815987	0.126721292	0.149869612	0.126293225	0.176144097	0.138715893	0.133106604	0.129208496	0.148064975	0.127536745	0.120736267	0.159274942	0.116273004	0.159615069	0.166116084	0.150888902	0.091578772	0.10984349	0.138373849	0.144830279	0.1626672	0.136591545	0.149260611	0.105524032	0.125437351	0.137412084	0.13314414	0.14580311	0.150035549	0.128900408	0.103766745	0.154904081	0.191116638	0.193744567	0.315901747	0.171402842	0.344388913	0.203560047	0.271409957	0.19732849	0.14376696	0.200833723	0.153492981	0.162192494	0.196460483	0.235090312	0.219879839	0.159811641	0.290206386	0.190684354	0.17398692	0.159176666	0.121990869	0.16848931	0.175140094	0.195108546	0.157949527	0.174451252	0.117790598	0.156898484	0.152292631	0.188456756	0.139091414	0.14757747	0.175407525	0.169185182	0.128953991	0.15393504	0.137771522	0.114900705
18S_TGP_23_1	0.108566929	0.165123186	0.17183027	0.1314347	0.212086278	0.175882013	0.179450322	0.128874723	0.182456555	0.130015759	0.142244043	0.104099254	0.135816844	0.093555511	0.114652132	0.129636732	0.142111071	0.108382932	0.135855629	0.171308415	0.115110839	0.139620314	0.133326308	0.179483541	0.106889096	0.133297788	0.107047188	0.234528585	0.134175527	0.173557355	0.179933712	0.170505663	0.285682199	0.176202677	0.200450173	0.128970876	0.176826698	0.1455747	0.197987049	0.150445799	0.155308968	0.115255176	0.25291788	0.152278111	0.111037778	0.170461387	0.158925553	0.144976863	0.183929743	0.189800932	0.164683041	0.166370164	0.134820238	0.228101673	0.15338268	0.131642229	0.126100808	0.145999104	0.156164632	0.214815824	0.169106491	0.13736288	0.168230518	0.129445851	0.130528483	0.130137205	0.184359546	0.223970011	0.136427634	0.176337598	0.149319821	0.119721824	0.149188224	0.19861617	0.138011392	0.210054226	0.222166471	0.135558635	0.072572729	0.135128989	0.109365884	0.131091497	0.197465131	0.092339261	0.174984361	0.143054214	0.111156771	0.09507056	0.10485997	0.183503323	0.149099611	0.146097344	0.176300635	0.106675865	0.15283184	0.142951645	0.192378983	0.31122916	0.187531922	0.301643612	0.455219215	0.198666522	0.36331556	0.31835067	0.151453078	0.330085632	0.155498607	0.227717003	0.295842593	0.315832117	0.206290574	0.303080951	0.196272324	0.165902479	0.152291021	0.126430253	0.123048112	0.125962194	0.146324421	0.130745725	0.146549013	0.126740457	0.107115311	0.155765068	0.177657911	0.167827798	0.152880876	0.127565384	0.203052227	0.077947809	0.091082321	0.10200973	0.087908188	0.109085862	0.117955936	0.067539034	0.109403654	0.133975631	0.118418729	0	0.122109131	0.088458047	0.07765505	0.094402792	0.088476701	0.107492659	0.125331395	0.094739335	0.070372206	0.129435572	0.124136623	0.104770103	0.136941331	0.150191314	0.127076265	0.099522607	0.117677383	0.110226919	0.107698714	0.19295476	0.10343139	0.161329587	0.132268324	0.108738691	0.135448232	0.127765514	0.140402559	0.117874446	0.13530978	0.138466867	0.192484029	0.134186924	0.113964271	0.097547876	0.129216755	0.10188186	0.128390677	0.139890213	0.110518412	0.126531002	0.130310844	0.107674039	0.13648535	0.116034755	0.155366213	0.122941606	0.09369661	0.100321993	0.191590206	0.130670346	0.138189263	0.164064197	0.168289591	0.16975806	0.182898101	0.147622175	0.139404891	0.191525112	0.2384283	0.202097285	0.32522775	0.220000889	0.352115545	0.217581852	0.275977389	0.242539919	0.146861736	0.224404975	0.137204328	0.153291575	0.212227339	0.24600299	0.240293271	0.146241128	0.293847627	0.194477305	0.227709609	0.161784369	0.132944326	0.111313977	0.137813238	0.222706721	0.113941629	0.159995641	0.155143119	0.129289503	0.144084722	0.181580689	0.146482795	0.130700618	0.116855397	0.137135822	0.114208185	0.138959887	0.138467544	0.124707146
18S_TGP_23_10	0.117246039	0.175047598	0.157941441	0.14724068	0.17082517	0.165258968	0.184416184	0.124727309	0.239202157	0.161066944	0.160239636	0.147013905	0.16770534	0.152643025	0.158164652	0.123955399	0.163579729	0.127445585	0.106291165	0.148956312	0.149982922	0.167808068	0.148112363	0.175442555	0.161646617	0.135234514	0.157590034	0.192471538	0.163663051	0.180160826	0.174604447	0.186181525	0.232767745	0.173773772	0.146865012	0.119794212	0.148429975	0.150760711	0.121405928	0.158354473	0.174438062	0.141092436	0.213630908	0.166940868	0.144567525	0.166444557	0.163422901	0.154929399	0.144362785	0.155190338	0.159757222	0.169093996	0.134269698	0.205875501	0.179102178	0.136530209	0.16184101	0.171500847	0.181450177	0.183966627	0.19139367	0.166015454	0.176869982	0.145163968	0.170277732	0.1799384	0.180500198	0.246512026	0.183806681	0.206741453	0.203173736	0.166677857	0.190923443	0.16957941	0.17822448	0.14847062	0.186137958	0.14059097	0.147012004	0.129363012	0.109112906	0.139305693	0.166670452	0.127731115	0.095944481	0.163976355	0.142119881	0.126699492	0.105955707	0.161082613	0.153001488	0.116925132	0.134772465	0.153543794	0.160374941	0.087264895	0.143765205	0.219750142	0.181906168	0.249161332	0.40768482	0.132402749	0.307515093	0.273017665	0.101027723	0.266312585	0.090265035	0.181982144	0.24599889	0.277672807	0.143192045	0.250484083	0.142924876	0.166930196	0.182228221	0.15547055	0.136905801	0.130239902	0.161380263	0.162335864	0.159012508	0.148311301	0.112584545	0.154319051	0.095045051	0.174407959	0.156346899	0.121621329	0.152844603	0.14706986	0.102665059	0.113557785	0.121572607	0.074525549	0.107611974	0.122623956	0.09893379	0.100888328	0.098801328	0.122109131	0	0.119502776	0.124973128	0.144074695	0.128016049	0.069622995	0.125641732	0.117628499	0.132044164	0.162667464	0.171872104	0.142044259	0.204858557	0.22292095	0.195319801	0.136970216	0.182350611	0.163864155	0.10815954	0.095466372	0.118714653	0.11501045	0.099948216	0.095560089	0.102298748	0.151465471	0.157775236	0.104396653	0.169012803	0.166671418	0.252496894	0.18745787	0.17250901	0.156329501	0.165811818	0.155448305	0.165415321	0.201461256	0.125865218	0.141345692	0.139405787	0.144122515	0.084088956	0.16088629	0.107235204	0.161244479	0.12671276	0.148854264	0.114880734	0.081188139	0.070926303	0.101296647	0.08475478	0.092535126	0.098371979	0.069436994	0.078003563	0.116287148	0.234492683	0.232028993	0.307849779	0.216502403	0.325353891	0.243589488	0.245199301	0.230796288	0.139156258	0.196888014	0.148944043	0.20584825	0.267226723	0.217616432	0.274893667	0.199111755	0.246061639	0.172942241	0.253044683	0.136797941	0.177876835	0.150785395	0.157350109	0.167679776	0.123087585	0.153025416	0.073901955	0.119581452	0.126285458	0.17407697	0.190248581	0.107167363	0.151951877	0.146636819	0.133473013	0.195137535	0.131528483	0.172446406
18S_TGP_23_2	0.103543287	0.14287341	0.133609871	0.139549237	0.218234476	0.149606196	0.154537602	0.095992423	0.167830734	0.119100714	0.124143807	0.118192809	0.107306509	0.121686783	0.144459918	0.118036928	0.129031266	0.124057344	0.130666447	0.123661263	0.112197209	0.09824423	0.122768258	0.17003645	0.123567673	0.116240674	0.111593911	0.239525251	0.168438164	0.183188895	0.179423275	0.154115679	0.262484107	0.181265325	0.194444579	0.127905904	0.154546276	0.116038232	0.187848977	0.137550359	0.162190416	0.144867932	0.244008962	0.173418314	0.133119612	0.17835736	0.165519981	0.163101009	0.188132929	0.199279306	0.177014796	0.173791966	0.130583466	0.219259277	0.148454587	0.110572274	0.123195355	0.107933003	0.137506986	0.183085052	0.152871501	0.139950439	0.145205196	0.132515701	0.140433291	0.147722381	0.182584469	0.210008155	0.155868925	0.181753017	0.173236815	0.137394494	0.166185896	0.173789671	0.162188101	0.187100485	0.199956513	0.141556909	0.088465879	0.129472427	0.126927113	0.111767553	0.160959169	0.100799925	0.173057702	0.116293365	0.101412139	0.130347463	0.114041266	0.204680855	0.16320863	0.146191037	0.167750789	0.123588689	0.167739061	0.130807443	0.169813208	0.282057642	0.199356148	0.287040083	0.428637382	0.191224101	0.333200549	0.290194749	0.130970925	0.304909497	0.138185158	0.201946141	0.269488094	0.295400828	0.172328207	0.297874792	0.167102987	0.152218614	0.152742566	0.13995851	0.127537543	0.129287227	0.16448251	0.151463154	0.140869687	0.136278688	0.112323144	0.148925809	0.188845796	0.171223232	0.158059927	0.128010146	0.171220194	0.112986568	0.09184145	0.120336126	0.092181181	0.102757007	0.098127293	0.094004618	0.118186723	0.142736172	0.104347085	0.088458047	0.119502776	0	0.077742729	0.09221259	0.079151479	0.108340906	0.11656347	0.090512682	0.096545073	0.168314023	0.158165242	0.135986944	0.167005335	0.177607204	0.120628586	0.119017116	0.155038523	0.128742463	0.104268707	0.177672422	0.103571887	0.13617261	0.123430481	0.113252047	0.099819807	0.094224885	0.130276986	0.106152481	0.117628446	0.117202215	0.181701628	0.122800637	0.138319088	0.123887869	0.135132394	0.128959124	0.141527469	0.167832957	0.091354682	0.1242031	0.123655444	0.108541613	0.126961888	0.113022185	0.127469618	0.113164622	0.128257916	0.094962541	0.180954084	0.131197892	0.134356651	0.164007736	0.156119175	0.150474041	0.169384704	0.121049013	0.135286623	0.181361276	0.201906042	0.193695733	0.311480652	0.187217392	0.349518063	0.208204657	0.269475445	0.223355295	0.138284362	0.187005475	0.136539824	0.146537274	0.203675414	0.214128929	0.219659285	0.147331794	0.267963903	0.183762181	0.193245848	0.138036356	0.099678631	0.128149183	0.140218221	0.199749124	0.123315984	0.124454399	0.143614645	0.107015898	0.133748517	0.14620573	0.134702536	0.135186269	0.137207788	0.131448111	0.115742705	0.118974208	0.107705896	0.111748807
18S_TGP_23_3	0.107763624	0.168195217	0.17394418	0.141350376	0.208910891	0.17388865	0.172631154	0.104710018	0.167349918	0.134319451	0.130537908	0.113048246	0.113285862	0.099436369	0.116925819	0.111787798	0.139159196	0.117480887	0.123824212	0.150029369	0.095616783	0.115267571	0.128792754	0.179622852	0.108564144	0.113700714	0.088091639	0.222167237	0.137161268	0.172426041	0.174072482	0.168644709	0.279510737	0.168701022	0.178464188	0.141484442	0.169190729	0.130004258	0.191841049	0.15072543	0.146297362	0.130679852	0.241837284	0.143032346	0.104884329	0.172447917	0.156397445	0.160154568	0.182703337	0.193872655	0.154332017	0.162905895	0.132774038	0.227818691	0.14199282	0.101248937	0.134576197	0.134804128	0.145825964	0.190650301	0.161431403	0.147210629	0.154296581	0.135099281	0.117540403	0.12941285	0.180762598	0.203983815	0.124514898	0.155761815	0.143116191	0.118812465	0.146040088	0.185567355	0.135350576	0.202995338	0.217139755	0.131402468	0.069703667	0.112304885	0.119023025	0.10699001	0.190565618	0.081758664	0.159334758	0.119261817	0.085957508	0.101767623	0.093308851	0.180789537	0.144531847	0.13626258	0.170958187	0.100391983	0.148587828	0.132909379	0.167087916	0.287270391	0.172191241	0.28307631	0.430080316	0.17282481	0.35462941	0.313151715	0.155041326	0.317154532	0.151396619	0.227559339	0.297575911	0.318833486	0.195612157	0.287391919	0.185395467	0.171056862	0.169277665	0.141246983	0.126071454	0.123023664	0.149442091	0.135178119	0.157232223	0.12735965	0.102975661	0.149224366	0.177523376	0.182073215	0.165573797	0.127162188	0.194395728	0.081932622	0.093115637	0.106122273	0.093055008	0.09249962	0.119761498	0.069868127	0.099542651	0.13448938	0.106872371	0.07765505	0.124973128	0.077742729	0	0.100914911	0.095261925	0.099168792	0.119349894	0.084156203	0.08133061	0.14150708	0.135546135	0.127416475	0.113421914	0.134994291	0.120229617	0.092878318	0.110080208	0.110592422	0.113502415	0.189571834	0.097975326	0.146558067	0.133957653	0.106729484	0.121425128	0.124793867	0.14940497	0.117468878	0.133316981	0.109274373	0.176144285	0.12864218	0.110224087	0.091239641	0.095827852	0.100372635	0.103889402	0.108820238	0.097408259	0.125797491	0.131593053	0.120764839	0.126854539	0.110357384	0.149043762	0.109938816	0.122292724	0.090412518	0.168189213	0.12889458	0.145465707	0.155874467	0.15593606	0.157576167	0.17941266	0.141985072	0.135241291	0.177365526	0.203629925	0.169227257	0.322476009	0.197356568	0.33011735	0.184299805	0.252382247	0.204804488	0.146076366	0.198559627	0.110210648	0.152025104	0.19382421	0.238710074	0.217816122	0.153728743	0.28429311	0.20154075	0.198142576	0.152243524	0.111542104	0.102189456	0.1339015	0.200118718	0.104261597	0.149029072	0.154511703	0.120931995	0.133934915	0.161391638	0.117518455	0.129623459	0.110659911	0.136052471	0.126883036	0.12435043	0.113164734	0.089372592
18S_TGP_23_4	0.136820488	0.169226673	0.168778708	0.158960512	0.23352135	0.182933016	0.195278811	0.148007768	0.152058091	0.149391097	0.163347146	0.14481947	0.102253867	0.129910036	0.162278967	0.163166808	0.155246806	0.120920434	0.177158799	0.1280564	0.159352997	0.121513417	0.140936343	0.184161738	0.135202662	0.144695336	0.153245904	0.274066389	0.167215281	0.213433938	0.213985559	0.181571572	0.286777632	0.216678842	0.238482947	0.161740165	0.17746475	0.158092069	0.220697358	0.151583719	0.201659391	0.146298007	0.266482662	0.183290741	0.153274542	0.190813643	0.19066984	0.149111373	0.218118479	0.209333582	0.181139876	0.195359485	0.138569694	0.214594603	0.177540523	0.160199265	0.150633027	0.134256955	0.172229082	0.227719521	0.184582819	0.163606569	0.190225665	0.157157899	0.144245133	0.117875559	0.198355095	0.211371765	0.153217371	0.172688308	0.170880948	0.146931377	0.179832638	0.189975201	0.1765472	0.191963529	0.192592734	0.161706626	0.119851127	0.164135101	0.153057201	0.153541417	0.160704006	0.114548678	0.203201825	0.101450473	0.108017055	0.101445161	0.131601024	0.208184034	0.177293418	0.187353678	0.174303362	0.152460988	0.194236039	0.166540237	0.181304048	0.293157002	0.192293307	0.313839623	0.454186422	0.216683205	0.356036703	0.309750474	0.145443739	0.311474238	0.164919391	0.240392142	0.290497098	0.321236759	0.197027041	0.327600174	0.190120525	0.171845068	0.161535609	0.16468359	0.153119325	0.141281509	0.183711171	0.180181028	0.159552315	0.170167878	0.142673873	0.157159284	0.201956007	0.143485595	0.165160741	0.164256444	0.198884471	0.122953761	0.12330663	0.136920879	0.126361279	0.133080565	0.103717488	0.089276154	0.153934913	0.13888407	0.117556574	0.094402792	0.144074695	0.09221259	0.100914911	0	0.073317093	0.131974454	0.122305771	0.093158569	0.108448288	0.154299518	0.160733046	0.111151364	0.163495313	0.168665119	0.126199156	0.14300086	0.145083243	0.117290197	0.151353165	0.18910249	0.119331078	0.158449453	0.112216258	0.155202159	0.122012528	0.105060254	0.155738485	0.114859718	0.101481569	0.126154706	0.165580533	0.120845417	0.131364376	0.125673118	0.168265471	0.128057351	0.135632664	0.174433928	0.126710361	0.110539734	0.108039492	0.090088994	0.118133429	0.06831197	0.17396088	0.140388949	0.109678481	0.124309377	0.213756904	0.149435699	0.147813854	0.188919311	0.187266081	0.180639328	0.189436378	0.159089604	0.167584491	0.216461005	0.201062082	0.186166421	0.302928388	0.200187705	0.364683553	0.20260182	0.289468765	0.216339619	0.138935157	0.19007534	0.125094882	0.101033875	0.191060852	0.21034324	0.229366879	0.119460787	0.259908687	0.185536036	0.197254021	0.179830463	0.098139855	0.157626988	0.162671049	0.237716196	0.151583836	0.163451489	0.175558148	0.14924196	0.182859537	0.193129634	0.134899104	0.163705339	0.165644872	0.159056421	0.10386197	0.127037741	0.152689037	0.128632736
18S_TGP_23_5	0.113649637	0.166323791	0.156100235	0.151201812	0.211470323	0.168819567	0.193277271	0.13320278	0.149066295	0.156080684	0.156981002	0.140223029	0.080966822	0.135393873	0.159522022	0.138814537	0.164686243	0.112526156	0.162484488	0.108282721	0.136819046	0.094450457	0.150801482	0.183715948	0.130179305	0.119365087	0.138137904	0.253125268	0.168033241	0.18660893	0.185398487	0.178600002	0.272593267	0.19774919	0.217175889	0.120525154	0.173748116	0.145340022	0.200095627	0.124073668	0.17239651	0.143191995	0.251349626	0.16458895	0.142311737	0.176214391	0.175159879	0.153480516	0.194365454	0.193585829	0.171386606	0.170061257	0.137947633	0.207768818	0.174247956	0.141004761	0.14771311	0.131241605	0.175434631	0.218337788	0.188779772	0.162348437	0.177101442	0.147656816	0.130663845	0.121408321	0.190732989	0.206377923	0.145357669	0.152898945	0.169479345	0.147188451	0.169702277	0.179459232	0.175516187	0.196666571	0.199100534	0.153190261	0.098321014	0.130412022	0.124852946	0.13909497	0.174138704	0.102868374	0.171031689	0.078715977	0.112669359	0.118852136	0.116479614	0.190092889	0.153191715	0.162543209	0.164706183	0.13230405	0.16245788	0.144855442	0.184232422	0.302491865	0.18823974	0.295278547	0.440570038	0.200196626	0.342549905	0.302422558	0.136322584	0.310349875	0.145281567	0.220248746	0.274503937	0.290343444	0.190612705	0.300941495	0.185232261	0.165357779	0.173025425	0.151211429	0.138498393	0.135635435	0.162761663	0.171959481	0.153944678	0.158361047	0.131196617	0.153358142	0.183809169	0.162081023	0.143714422	0.141031924	0.190583271	0.113792198	0.104614697	0.106809219	0.122770029	0.114057071	0.115540942	0.094235805	0.128132829	0.134110126	0.104626482	0.088476701	0.128016049	0.079151479	0.095261925	0.073317093	0	0.107852174	0.119587428	0.109409665	0.104419285	0.162378721	0.168788959	0.127559352	0.162743259	0.16356142	0.118247195	0.137704371	0.159125107	0.110725134	0.121889802	0.172217551	0.108401659	0.155685298	0.12719852	0.12402062	0.111820436	0.117540863	0.151927352	0.12304769	0.095187165	0.133247672	0.167435107	0.11391675	0.140324603	0.135342481	0.163931054	0.137270742	0.142087192	0.167138516	0.136736991	0.131943151	0.136263563	0.126718762	0.139621254	0.070083843	0.154660834	0.149939548	0.127065565	0.128852962	0.200413388	0.136672009	0.138155114	0.180047502	0.166352903	0.167195356	0.183640331	0.139267475	0.145634618	0.202321859	0.193800358	0.160862316	0.304254534	0.197518804	0.348675597	0.175824207	0.275757501	0.190368374	0.138681505	0.180097513	0.12138413	0.128120793	0.206718519	0.21605083	0.226528559	0.144201892	0.271897595	0.185404964	0.198439008	0.169106204	0.103379055	0.151579896	0.153801213	0.225325587	0.123183111	0.155233517	0.158924139	0.135827675	0.16060936	0.186794397	0.11248314	0.150600211	0.16364215	0.154319381	0.118783138	0.125392212	0.145454871	0.127769174
18S_TGP_23_6	0.110687193	0.168862274	0.146366851	0.152183093	0.159986345	0.15689631	0.172788662	0.098970756	0.210901738	0.145311652	0.144582496	0.119814219	0.127649214	0.118732166	0.122406576	0.083041361	0.151605845	0.09743616	0.083070996	0.132559567	0.119698063	0.138599428	0.133318479	0.161459049	0.122470256	0.100937119	0.124889371	0.170677063	0.140192993	0.152304544	0.152902596	0.163728573	0.225868916	0.146330712	0.129361882	0.111887232	0.125513189	0.124651753	0.125461026	0.139181746	0.142751624	0.127505334	0.205324822	0.12834107	0.113580836	0.144944307	0.133927535	0.145051544	0.133423618	0.143089813	0.118814415	0.147098191	0.116824886	0.196713272	0.167773002	0.127896031	0.147552988	0.141493453	0.17041116	0.16620156	0.178111414	0.161621894	0.158563811	0.145926373	0.147364878	0.167136624	0.16121683	0.236137985	0.155507836	0.164549532	0.182918341	0.1503517	0.157924361	0.156098586	0.133637596	0.152308715	0.177900363	0.111069959	0.113831757	0.100728717	0.075790114	0.109723006	0.14056098	0.078508486	0.104238364	0.129469154	0.123988167	0.088001931	0.071019546	0.131408973	0.120020138	0.087476252	0.122788233	0.117154911	0.128863482	0.077633935	0.125872636	0.228716668	0.163138731	0.238014196	0.395935372	0.116699014	0.309081092	0.265714393	0.099282829	0.271290798	0.085120024	0.18082801	0.25301352	0.275383642	0.14372704	0.241006058	0.144588586	0.166358913	0.175156808	0.153271544	0.123154065	0.125170876	0.142176884	0.14525214	0.159873451	0.131397853	0.094860155	0.139233913	0.110655485	0.167746299	0.150328424	0.105702046	0.151829716	0.10816151	0.066766912	0.093615745	0.104176113	0.055885246	0.109944399	0.107548227	0.061588588	0.082624513	0.097889957	0.107492659	0.069622995	0.108340906	0.099168792	0.131974454	0.107852174	0	0.114063002	0.118939236	0.101079205	0.150365007	0.147284534	0.142824554	0.175571689	0.181045636	0.175340563	0.116846877	0.158214266	0.142628856	0.092083832	0.126327205	0.090049056	0.085508836	0.086608453	0.066617503	0.082828164	0.138910546	0.149945344	0.08591962	0.172312304	0.162583415	0.232536122	0.176939503	0.161687564	0.140209497	0.148811871	0.158616413	0.159287932	0.179743635	0.12164142	0.121886803	0.134086981	0.134034217	0.099888126	0.13380827	0.11055917	0.146545055	0.11735221	0.131798075	0.128133353	0.084864801	0.088912041	0.116108597	0.101609625	0.115825368	0.121098181	0.100466561	0.078620032	0.125144494	0.203390777	0.189422346	0.292881165	0.204894295	0.285723438	0.200852683	0.217433824	0.19685211	0.129916321	0.183937783	0.135344795	0.191391373	0.239419108	0.198642268	0.259447543	0.195781903	0.243080183	0.172486532	0.227107315	0.123366563	0.156242686	0.120668308	0.138107062	0.160929867	0.092548853	0.12938862	0.084339994	0.116051876	0.108346703	0.156867292	0.160208715	0.092878043	0.127798158	0.134792877	0.113832411	0.168628391	0.114830621	0.156610271
18S_TGP_23_7	0.087305229	0.137352054	0.115959813	0.158231627	0.173293638	0.134379724	0.159357407	0.136354268	0.225141177	0.171032113	0.171314012	0.156706556	0.134079339	0.146862193	0.163298712	0.149787743	0.180003518	0.110568457	0.148290794	0.154773578	0.153404517	0.152812219	0.138295694	0.181871441	0.140943569	0.12796624	0.122384439	0.228769953	0.13758104	0.150370243	0.134869153	0.153139616	0.242382467	0.155586167	0.173645621	0.103643108	0.150715837	0.136245802	0.173380732	0.099455875	0.158926734	0.148172217	0.235616872	0.155471733	0.138739005	0.11006204	0.128559836	0.133483902	0.178600545	0.14692395	0.131774559	0.161460697	0.111275457	0.143069694	0.190679725	0.152459478	0.171370812	0.135631799	0.19718973	0.201786065	0.174275308	0.186690211	0.177694519	0.153240036	0.154259621	0.15905015	0.132324897	0.215937876	0.151081037	0.174454882	0.188872324	0.125344255	0.136864697	0.158679236	0.156049052	0.136343374	0.14795741	0.110878139	0.135693626	0.133609794	0.136149075	0.119740219	0.143669739	0.103987229	0.160639913	0.157049931	0.113100365	0.121738091	0.12011054	0.182996982	0.129897289	0.145138504	0.141018044	0.143125286	0.167772256	0.134311372	0.158012815	0.280111198	0.190882288	0.281373523	0.429633288	0.183784791	0.325360681	0.291563349	0.129651357	0.252891659	0.140839762	0.214948144	0.245618313	0.294490845	0.174417383	0.292101523	0.143380019	0.139858045	0.160016678	0.16474894	0.130326494	0.105467459	0.169920933	0.166560034	0.133527069	0.16632201	0.140482839	0.123324215	0.17384398	0.141435197	0.115500069	0.110985593	0.132890621	0.143026707	0.099644461	0.101735226	0.112024238	0.100666279	0.072290424	0.124443871	0.120656832	0.082151696	0.138412046	0.125331395	0.125641732	0.11656347	0.119349894	0.122305771	0.119587428	0.114063002	0	0.081131604	0.118060568	0.127339819	0.170597359	0.096685427	0.190631442	0.18042052	0.18863475	0.146534108	0.177159223	0.139411145	0.130986841	0.160417339	0.087393395	0.126948117	0.120318847	0.123936736	0.120489223	0.13640889	0.167060192	0.114499885	0.134992683	0.162815269	0.234778849	0.185519392	0.172388867	0.158106121	0.155100532	0.166740689	0.166782297	0.200109889	0.132911001	0.137152688	0.148440522	0.134390619	0.138887174	0.124020432	0.157362957	0.149629859	0.133064464	0.134879616	0.194531992	0.147457668	0.135090982	0.178255203	0.16153982	0.154846515	0.17085048	0.10568751	0.132473746	0.188118261	0.221590861	0.213995089	0.31951216	0.209409361	0.330147717	0.196067628	0.260816188	0.219882062	0.063305297	0.171393239	0.135894793	0.123989015	0.201581261	0.170441296	0.24464558	0.154016073	0.209259119	0.143522971	0.192992773	0.142560862	0.152678695	0.133185106	0.157838345	0.189204269	0.112592958	0.140785662	0.138492838	0.129057047	0.153240906	0.178382778	0.182490395	0.143247663	0.166805664	0.156846349	0.126677582	0.157625669	0.138425618	0.154908441
18S_TGP_23_8	0.088049212	0.134778121	0.140104428	0.125670048	0.187479121	0.151472509	0.177456366	0.124229825	0.200908741	0.141790278	0.147350054	0.122078632	0.134659007	0.112700032	0.14397395	0.143388191	0.145941501	0.093010177	0.14050735	0.155300975	0.12502772	0.151362662	0.129189797	0.191956771	0.130415783	0.141129978	0.140589104	0.236626655	0.15308716	0.180220139	0.167378912	0.171902215	0.278052817	0.184496446	0.199781261	0.119986638	0.165280299	0.131514669	0.196244169	0.13118389	0.171344745	0.116741697	0.25812562	0.164121383	0.127341116	0.137437614	0.155631557	0.125149926	0.182615005	0.165488157	0.161315893	0.179713527	0.126900652	0.182360954	0.158326736	0.121182086	0.147479279	0.142244568	0.161998677	0.208440223	0.179301416	0.15768554	0.172017654	0.117911131	0.154590147	0.151714696	0.173845811	0.233428371	0.168331831	0.206293269	0.179628164	0.13301646	0.178594738	0.192868004	0.15809874	0.153526337	0.170681836	0.128314987	0.104411436	0.131720955	0.128613847	0.119365085	0.151194101	0.100476575	0.179206671	0.150298023	0.117386777	0.100386767	0.11384595	0.195813888	0.157449935	0.152532339	0.17036108	0.134550099	0.171178022	0.133891282	0.160059343	0.288181718	0.189077982	0.291480999	0.440597591	0.187992341	0.335550749	0.301282608	0.132756929	0.273593321	0.146541112	0.223485534	0.260348052	0.313597203	0.182311112	0.300529585	0.152859089	0.138170295	0.139954387	0.137421834	0.106215563	0.094112967	0.168851042	0.151989557	0.121419168	0.132972698	0.109979406	0.122209566	0.173602389	0.139026474	0.130067707	0.130875949	0.176258114	0.11788509	0.097729433	0.108607705	0.076610756	0.086148198	0.064980474	0.094879389	0.121765627	0.093472251	0.13915725	0.094739335	0.117628499	0.090512682	0.084156203	0.093158569	0.109409665	0.118939236	0.081131604	0	0.100222018	0.117362471	0.15898344	0.085556167	0.161102028	0.191358104	0.167894249	0.129951679	0.159643658	0.12328475	0.116220694	0.15306967	0.088766202	0.147064793	0.110352906	0.113105943	0.124183589	0.103659063	0.141405953	0.109233234	0.129494656	0.146831079	0.219540755	0.169298948	0.161132452	0.147424467	0.148500826	0.143241848	0.145236136	0.167459875	0.112067639	0.105661539	0.120244522	0.101434056	0.124296926	0.121941463	0.145473796	0.12850065	0.096095642	0.11004505	0.188260356	0.131295625	0.124914365	0.154981803	0.160159531	0.141405582	0.162673555	0.111420085	0.134395621	0.182566814	0.238013447	0.214218808	0.324076216	0.225382333	0.359421777	0.232740978	0.274735237	0.24594565	0.119715646	0.200182506	0.120890055	0.14242237	0.235296196	0.198939811	0.252614997	0.144222506	0.238291163	0.168460778	0.240722775	0.158671737	0.14138354	0.1244972	0.142462214	0.211955801	0.124919852	0.155885251	0.154800979	0.126816095	0.145770553	0.178920902	0.159216958	0.121780245	0.139106646	0.145053572	0.105029553	0.166280384	0.141281427	0.129321219
18S_TGP_23_9	0.127815509	0.188129346	0.187794604	0.167081665	0.220201674	0.194306792	0.187077512	0.135300868	0.196491052	0.158995416	0.15242489	0.124267213	0.124608965	0.107503717	0.105993317	0.107622034	0.161518518	0.082267775	0.130892311	0.164892726	0.113715825	0.133001127	0.134272149	0.185318825	0.105877104	0.119506173	0.102319057	0.223840361	0.150155366	0.153400854	0.169167491	0.186826012	0.285087759	0.154738677	0.190920303	0.14976714	0.181355744	0.140414544	0.196795046	0.152801457	0.157098467	0.12486599	0.254779754	0.14504021	0.126199568	0.160205762	0.151016729	0.15421987	0.189601145	0.188410437	0.124873458	0.173652729	0.144242592	0.233616268	0.170378534	0.136957131	0.1534929	0.145245008	0.177007742	0.217750625	0.185569122	0.162633849	0.173206686	0.154302958	0.110795783	0.147958424	0.165476829	0.22860452	0.115404787	0.142507523	0.132653149	0.092990542	0.131807486	0.190643342	0.119357346	0.213612465	0.222433708	0.127240786	0.090768105	0.13735436	0.081135015	0.134391689	0.194145514	0.08015549	0.164405823	0.138295572	0.105776752	0.080796666	0.079596655	0.153667792	0.124857303	0.125946243	0.170869075	0.095409483	0.144103421	0.141729585	0.183895363	0.299855833	0.178822171	0.302087239	0.446333639	0.188489595	0.365839435	0.319707379	0.160615468	0.333297475	0.158683672	0.236323807	0.309720347	0.325007557	0.216536545	0.298727253	0.203219483	0.189755325	0.187458191	0.167193978	0.142779719	0.145569763	0.157825716	0.150462199	0.180509095	0.127759281	0.121926763	0.163931828	0.182874197	0.177026946	0.165701095	0.135760037	0.211110393	0.064597853	0.097387077	0.088460298	0.080329603	0.112914931	0.129834802	0.081138626	0.097907573	0.126519065	0.113803232	0.070372206	0.132044164	0.096545073	0.08133061	0.108448288	0.104419285	0.101079205	0.118060568	0.100222018	0	0.13199955	0.128107724	0.136066273	0.125674273	0.134034299	0.152167325	0.087642656	0.106172824	0.100359486	0.102311656	0.19441519	0.09988729	0.143161068	0.133375924	0.094100943	0.116813175	0.138877265	0.152169646	0.122674152	0.161465828	0.144934878	0.201071785	0.155740763	0.128562596	0.112848985	0.122726739	0.125697232	0.138935386	0.12749911	0.117122124	0.134854786	0.135203497	0.114286991	0.13057086	0.103372398	0.162043772	0.136564314	0.104405255	0.117559915	0.170884774	0.112493286	0.138633414	0.1506802	0.164656651	0.169608443	0.182179246	0.156742094	0.133868251	0.187559707	0.225218597	0.173266516	0.321517302	0.219609724	0.312108981	0.191630459	0.250560233	0.220574201	0.140722341	0.216835952	0.135718243	0.163242269	0.21218962	0.248612516	0.244209934	0.176087066	0.294990282	0.204110645	0.21384746	0.160619564	0.130918334	0.098552888	0.13916239	0.207508513	0.095727576	0.170191381	0.14632604	0.143837725	0.145563113	0.182473659	0.147854885	0.114038599	0.129611647	0.15210915	0.112554355	0.149364263	0.137433083	0.129019139
18S_TGP_24_1	0.124497592	0.170487024	0.164708342	0.16277253	0.191440392	0.182436323	0.224974082	0.18995536	0.234966147	0.177262979	0.186194799	0.1559664	0.189753212	0.143866324	0.107478117	0.157596571	0.187329903	0.076982087	0.173557893	0.218272143	0.175491871	0.213410701	0.186930754	0.238888372	0.16192884	0.200042477	0.177447369	0.276670691	0.175046032	0.160351145	0.183580718	0.215102026	0.322871556	0.184601442	0.237435734	0.163350277	0.219151414	0.192629224	0.243537662	0.190792895	0.196101869	0.122812149	0.292121402	0.173582727	0.151337864	0.144617041	0.177976211	0.177815811	0.224928147	0.198602315	0.15048723	0.20712893	0.172013775	0.205189747	0.192975783	0.17880451	0.179353397	0.21162048	0.199073064	0.256046054	0.213815738	0.184511767	0.214004902	0.157389602	0.121437519	0.174946178	0.177967729	0.273164681	0.156658331	0.213052343	0.172659862	0.119714514	0.18452325	0.244261471	0.118381166	0.162763588	0.191223229	0.16119609	0.146145044	0.175353249	0.122456712	0.189087343	0.204707682	0.14424373	0.221705445	0.214790485	0.184632642	0.121799885	0.121514876	0.205538335	0.156452239	0.159134695	0.223706278	0.135452562	0.182623612	0.196018952	0.21203094	0.337389815	0.252112361	0.330245529	0.478648285	0.232201895	0.38089226	0.348315595	0.188107466	0.300097351	0.196317064	0.267938576	0.302475034	0.354714967	0.226062497	0.341829631	0.188533737	0.168707073	0.151171255	0.15190674	0.13275422	0.119615994	0.187631572	0.178949552	0.152134477	0.13320849	0.15624072	0.173992644	0.202964998	0.171103582	0.162760458	0.163870094	0.215714412	0.120892496	0.162074675	0.137605658	0.129556558	0.131391844	0.120589312	0.149303137	0.16358288	0.110380512	0.206364885	0.129435572	0.162667464	0.168314023	0.14150708	0.154299518	0.162378721	0.150365007	0.127339819	0.117362471	0.13199955	0	0.109192971	0.081210176	0.166645541	0.188170206	0.189650754	0.093450613	0.118906139	0.07534035	0.149312203	0.205281691	0.152730876	0.209794433	0.166144064	0.157123506	0.210400689	0.171187869	0.185251483	0.180221493	0.12915044	0.206273208	0.247503447	0.184344395	0.166839345	0.16130833	0.189736524	0.16943133	0.199359757	0.170386549	0.176286267	0.168988636	0.169112254	0.164058894	0.195497944	0.176115825	0.210725278	0.182206783	0.132794814	0.163839194	0.206694093	0.160359716	0.175433726	0.215597788	0.197044268	0.207837641	0.222407497	0.153433379	0.198119833	0.226084116	0.283407256	0.232799057	0.378935254	0.270302326	0.35101718	0.25352946	0.296739628	0.287168547	0.172840013	0.241512125	0.163882013	0.148354944	0.267250049	0.191191122	0.292214458	0.140064238	0.231068403	0.208940413	0.286986943	0.206864483	0.19598522	0.143199371	0.189176765	0.267216094	0.140235516	0.201792458	0.192676673	0.173714178	0.186378406	0.225115454	0.206518895	0.157488633	0.156877092	0.182912968	0.169945136	0.206316865	0.179914394	0.194121314
18S_TGP_24_10	0.143699399	0.198019912	0.204097331	0.172603199	0.234083331	0.210035378	0.210550217	0.176017188	0.221810528	0.163862269	0.167771202	0.1391989	0.194540392	0.144257037	0.090196545	0.134103299	0.18576885	0.100094103	0.163338607	0.218444992	0.156769942	0.190415469	0.189293617	0.225370762	0.132701111	0.178974228	0.152894513	0.261078298	0.173059834	0.153023303	0.193047284	0.210393635	0.320128108	0.169078833	0.218311674	0.179750564	0.221770974	0.180216951	0.22485952	0.188391692	0.176345632	0.14118653	0.291810868	0.175388497	0.1393005	0.186199419	0.177101539	0.191611499	0.220973352	0.220660262	0.1658642	0.20737446	0.171481726	0.263430696	0.180754519	0.162914525	0.164649248	0.193724157	0.182368547	0.232719211	0.189540852	0.181407638	0.189712126	0.162060013	0.103875658	0.155895217	0.171918733	0.25651629	0.11806017	0.168491062	0.142679095	0.122975322	0.156188523	0.207869453	0.08547573	0.243403336	0.253874274	0.163639637	0.131124667	0.173486659	0.119129261	0.169941615	0.232212227	0.131593393	0.207208274	0.19716273	0.165207173	0.116782973	0.115104237	0.204770345	0.137963058	0.146108488	0.209924741	0.107902312	0.166260536	0.184518244	0.212342446	0.32775512	0.247243081	0.309413371	0.463871268	0.221522197	0.390955619	0.354861992	0.199516862	0.355116019	0.200365355	0.264146295	0.33640775	0.347969427	0.235490844	0.32414584	0.224682424	0.201644416	0.201280518	0.164978963	0.168067131	0.164747906	0.183940317	0.170328176	0.186902182	0.133877065	0.156616149	0.196766625	0.218383088	0.218498331	0.198677028	0.164234952	0.237536541	0.114305483	0.14455381	0.128575378	0.131813118	0.149242394	0.174191078	0.139684937	0.142933389	0.161348098	0.191211714	0.124136623	0.171872104	0.158165242	0.135546135	0.160733046	0.168788959	0.147284534	0.170597359	0.15898344	0.128107724	0.109192971	0	0.164936694	0.163649684	0.179617098	0.181322997	0.076397841	0.068274171	0.088234065	0.146204967	0.240196408	0.148528309	0.183946516	0.183158285	0.155015176	0.192205456	0.166258186	0.185826775	0.176906041	0.188915649	0.185502172	0.234581716	0.175992343	0.14388234	0.126330964	0.139560767	0.148527772	0.184298464	0.165255661	0.160243125	0.182668647	0.189177272	0.174010742	0.205915777	0.185825204	0.208275128	0.167719127	0.147842321	0.15258492	0.198569487	0.169304275	0.190521493	0.21430141	0.199632854	0.216672814	0.223731066	0.195921034	0.189231488	0.214563607	0.258012842	0.190984316	0.363522786	0.258885413	0.308283779	0.210357649	0.258040765	0.250619011	0.195000183	0.248873979	0.165428162	0.209144076	0.250121101	0.268627733	0.2742746	0.20752595	0.294944291	0.239182899	0.263666381	0.187765232	0.174789797	0.127925387	0.172475945	0.248481846	0.143410155	0.191445199	0.175904051	0.142036048	0.170921191	0.200736538	0.186623168	0.167617614	0.139220119	0.166891864	0.177108374	0.178500302	0.172623228	0.179903731
18S_TGP_24_2	0.119825117	0.156447537	0.149184536	0.154369321	0.20014387	0.172631836	0.20940048	0.168351049	0.212642761	0.164185219	0.173418399	0.143403354	0.162637434	0.136354113	0.160819609	0.173021833	0.174232549	0.124066848	0.181801353	0.190297073	0.174375131	0.179556276	0.164229864	0.215145607	0.155895794	0.183274756	0.164778778	0.276548176	0.174222265	0.215011882	0.204706464	0.202050528	0.306327687	0.222499006	0.241610106	0.157040829	0.204771813	0.174412273	0.228024091	0.163835642	0.203669313	0.143536924	0.27497984	0.187439842	0.160727549	0.164777788	0.194586709	0.151494343	0.224676482	0.203518119	0.187723706	0.197536066	0.144923292	0.188731189	0.186650005	0.159577032	0.16991418	0.179459974	0.18858812	0.243962995	0.204092001	0.173849534	0.202700136	0.15284788	0.168843224	0.150777187	0.195134793	0.244651246	0.177006531	0.21459911	0.194769084	0.145014449	0.187875575	0.216350877	0.182084673	0.126774423	0.163715762	0.172487463	0.141578943	0.168665793	0.165030093	0.164862017	0.170323848	0.133270367	0.214586852	0.180051934	0.144295331	0.129960071	0.145053769	0.223146409	0.187428252	0.188773509	0.205568496	0.160169609	0.203177259	0.178663933	0.19522194	0.322623381	0.22832829	0.319099163	0.469142563	0.225617624	0.364999336	0.334644705	0.167621128	0.290159831	0.179787123	0.256235816	0.28425836	0.341435236	0.215151172	0.332695627	0.186463854	0.155411684	0.145533918	0.149209239	0.137047643	0.115763669	0.187406966	0.17357019	0.142145895	0.163134874	0.143577089	0.15319473	0.206532589	0.136326163	0.153435288	0.163494634	0.199656433	0.134570718	0.139368307	0.145734372	0.133624167	0.135545193	0.087898218	0.122617142	0.165108005	0.108270094	0.159407254	0.104770103	0.142044259	0.135986944	0.127416475	0.111151364	0.127559352	0.142824554	0.096685427	0.085556167	0.136066273	0.081210176	0.164936694	0	0.177628148	0.190791602	0.159601466	0.126744253	0.161397961	0.126416438	0.155903741	0.188681939	0.131574072	0.187995996	0.146453251	0.162756333	0.17556588	0.148022144	0.181925008	0.15695359	0.10448925	0.163728619	0.211988207	0.154950843	0.14914156	0.13745064	0.177921085	0.141130862	0.157728326	0.181408211	0.132833382	0.143637514	0.138266237	0.131802102	0.159376348	0.13990948	0.189804177	0.153107413	0.131649649	0.134474273	0.221247341	0.164057889	0.166161848	0.206626366	0.194657136	0.193490045	0.211184798	0.138438832	0.182291572	0.225848367	0.258966158	0.239124704	0.349615997	0.242139936	0.379443512	0.25452922	0.303225394	0.269945629	0.13658618	0.22053343	0.153904714	0.103634057	0.235170231	0.151492921	0.266463579	0.09743699	0.200780924	0.171584841	0.249493716	0.19990308	0.171745312	0.159640583	0.175559164	0.255728362	0.155895087	0.18634089	0.183170262	0.155082633	0.187345257	0.212521425	0.181306899	0.168440885	0.160267942	0.166930058	0.140176406	0.180731099	0.168184248	0.164487196
18S_TGP_24_3	0.184867586	0.242670563	0.248181848	0.201638471	0.269109542	0.254782427	0.249586857	0.197648018	0.173480149	0.201534164	0.202572416	0.172852373	0.186769764	0.162051314	0.163906057	0.165821605	0.218446131	0.161596963	0.19129505	0.188874684	0.167262283	0.170180989	0.210865351	0.2634467	0.161951436	0.188609899	0.13148089	0.294988814	0.212778529	0.220399863	0.228775744	0.249035772	0.353528728	0.221721277	0.254004083	0.221774955	0.258253295	0.208201906	0.265872149	0.224030771	0.211871815	0.18126072	0.320066359	0.208992086	0.181699088	0.226241282	0.217169455	0.22907872	0.262039991	0.257139014	0.202385403	0.239336034	0.200232866	0.293497593	0.201410903	0.183117143	0.20311163	0.21391463	0.217115503	0.272165054	0.232231741	0.20889344	0.228880194	0.204043724	0.098465925	0.087721926	0.22876934	0.144371635	0.099401029	0.144017925	0.087579479	0.136730202	0.159716326	0.245183372	0.178524191	0.278826215	0.284202193	0.202018294	0.144312865	0.198837069	0.171224777	0.20001526	0.261523984	0.15239814	0.236237488	0.165983811	0.1611266	0.159892504	0.150121205	0.229551161	0.191249654	0.191350632	0.247248727	0.151641101	0.209424784	0.217339671	0.243522083	0.364492145	0.249947132	0.343248336	0.489030465	0.251721551	0.424072541	0.382342206	0.235315257	0.3867766	0.228409429	0.300516378	0.37318589	0.388393435	0.273518277	0.358712787	0.261128048	0.247306207	0.235797891	0.204643795	0.199076407	0.201870742	0.220466845	0.203517853	0.233928154	0.178691214	0.185799888	0.234709584	0.247888557	0.25638653	0.237147004	0.206463517	0.278320582	0.128301023	0.180970647	0.169464172	0.153750512	0.173072506	0.200485549	0.151838403	0.176828654	0.197124329	0.158132858	0.136941331	0.204858557	0.167005335	0.113421914	0.163495313	0.162743259	0.175571689	0.190631442	0.161102028	0.125674273	0.166645541	0.163649684	0.177628148	0	0.050756984	0.092089832	0.119513513	0.112298004	0.133835722	0.180551701	0.259495448	0.183379672	0.229466466	0.206898402	0.17253353	0.20415114	0.196532391	0.220339801	0.206475871	0.16845504	0.093117996	0.152155336	0.127086777	0.085958959	0.114276011	0.136365334	0.11162328	0.088651759	0.04647516	0.16843023	0.196762572	0.210092002	0.193226903	0.21147528	0.15786701	0.231110956	0.178002166	0.178084353	0.16453131	0.22870443	0.193183328	0.220015046	0.225851516	0.225457184	0.234248153	0.250902418	0.222125377	0.217404004	0.243050537	0.208805153	0.159142937	0.385400256	0.13665043	0.361573104	0.192519523	0.304921542	0.211967184	0.210373083	0.261395944	0.163202662	0.189549441	0.13023939	0.302066714	0.153280797	0.137777073	0.344878871	0.251632157	0.1527146	0.227700925	0.16186751	0.154329604	0.205113356	0.278300007	0.165734995	0.232294697	0.223724193	0.197703971	0.202032092	0.239564012	0.140636482	0.194900417	0.173999106	0.206499124	0.191141127	0.188990638	0.200682553	0.113860422
18S_TGP_24_4	0.19968639	0.260873802	0.258618499	0.22888859	0.2867792	0.26554449	0.241884986	0.201708373	0.168658049	0.214192929	0.209968085	0.178942593	0.181640784	0.169612946	0.171481834	0.168609968	0.224053531	0.177291377	0.205318769	0.1940592	0.180292726	0.161501459	0.204182617	0.267614308	0.158331178	0.176909021	0.123286355	0.295097493	0.195414545	0.212727954	0.21906265	0.238432377	0.344305334	0.215644424	0.234777827	0.221432383	0.258874751	0.209325085	0.263223119	0.20551338	0.202642591	0.193149275	0.318647003	0.207558954	0.177325887	0.223785866	0.208108825	0.232202276	0.272279445	0.256671065	0.194076809	0.235375743	0.214700863	0.285296652	0.21621959	0.197812109	0.209832154	0.207709232	0.218713917	0.277389103	0.214125961	0.22520328	0.224184027	0.218914129	0.119724011	0.092485336	0.223491275	0.156352148	0.09955876	0.135675049	0.109350708	0.14314033	0.15282501	0.239806148	0.167800442	0.287893969	0.288079871	0.194992792	0.149847821	0.209405594	0.182283798	0.2057694	0.268240062	0.149201546	0.22171363	0.166708386	0.158852928	0.167496175	0.165202369	0.235105398	0.181051486	0.198464101	0.23519385	0.162249975	0.213003914	0.2224831	0.255166213	0.371474991	0.259619102	0.35808132	0.495826608	0.262718432	0.438971139	0.399443008	0.248431984	0.404663337	0.241937891	0.315349493	0.387992882	0.395917817	0.287581233	0.370270749	0.280853338	0.262646854	0.237213694	0.217755803	0.215029676	0.216241181	0.228451666	0.1894213	0.246105594	0.197556696	0.199758582	0.238701153	0.258587411	0.264344811	0.233609318	0.201596959	0.269446798	0.133854238	0.189829819	0.172222366	0.171955673	0.191303785	0.216755687	0.161310991	0.178471801	0.212527014	0.157318043	0.150191314	0.22292095	0.177607204	0.134994291	0.168665119	0.16356142	0.181045636	0.18042052	0.191358104	0.134034299	0.188170206	0.179617098	0.190791602	0.050756984	0	0.099034406	0.138565427	0.12977665	0.139093572	0.194816949	0.279429576	0.179681475	0.220414002	0.227835246	0.179097997	0.200459573	0.20443502	0.23451406	0.216041183	0.174752395	0.120096116	0.137233009	0.13430339	0.100516776	0.112979862	0.137415113	0.119656109	0.113137505	0.071499411	0.181194933	0.215410218	0.22159986	0.205543648	0.216869384	0.15100639	0.247234854	0.192056658	0.199402266	0.176522901	0.24188327	0.212106595	0.238213874	0.24538098	0.239306429	0.261316783	0.27118729	0.242435858	0.220079312	0.259290118	0.206953148	0.1460003	0.395305244	0.152485795	0.346122631	0.159862246	0.312522202	0.191766338	0.19781347	0.262542794	0.181369681	0.165733145	0.103294176	0.305625758	0.167701175	0.150279329	0.352960706	0.266248835	0.123837119	0.227092598	0.167933159	0.151274422	0.205321293	0.270112617	0.152972126	0.242728069	0.230682465	0.211540081	0.219719404	0.238974966	0.133657007	0.208887412	0.176206636	0.223191541	0.198283559	0.157218973	0.206208708	0.121426659
18S_TGP_24_5	0.177345597	0.219898111	0.212262458	0.181055093	0.278201231	0.231111138	0.217934657	0.169810457	0.126924692	0.166131633	0.164975453	0.141828075	0.148690832	0.155082298	0.176162019	0.161673437	0.181467483	0.186920389	0.191397958	0.150602719	0.171606237	0.117684068	0.182044081	0.236449292	0.151484643	0.160994862	0.137796431	0.301275937	0.207672656	0.251455543	0.253114681	0.225643066	0.344363711	0.251871325	0.252771421	0.211769825	0.242840308	0.192401078	0.258329298	0.196304546	0.2104549	0.196259465	0.291745891	0.220686449	0.180406184	0.253484457	0.238433892	0.229645028	0.265526588	0.275303842	0.233110046	0.224221799	0.188695534	0.285601406	0.178938421	0.163405425	0.177687982	0.169136265	0.176656297	0.246821536	0.192849119	0.175277617	0.193509298	0.18913888	0.135513515	0.08053412	0.236222622	0.174940851	0.141225431	0.148867377	0.13825158	0.163110422	0.190721281	0.231562424	0.200551731	0.269002928	0.275186277	0.219707153	0.142661646	0.198977256	0.199432745	0.186579997	0.240702279	0.159941562	0.241503595	0.124899801	0.148305996	0.184639051	0.182162158	0.262086475	0.224528798	0.216899462	0.241366113	0.173835074	0.227576281	0.207821801	0.231717643	0.352207577	0.255507597	0.338507596	0.475232023	0.257705154	0.414320734	0.37384928	0.224513384	0.377033197	0.216160774	0.285203879	0.361231519	0.380041934	0.259122982	0.358819464	0.247493887	0.22156115	0.207127077	0.170243373	0.191350549	0.189864128	0.203713006	0.180210142	0.199040678	0.19460072	0.168984942	0.219595192	0.25729025	0.244496908	0.225804819	0.197876433	0.257230817	0.138794671	0.173615353	0.199096043	0.17212816	0.190166448	0.189867462	0.140754694	0.193089429	0.217466	0.130627741	0.127076265	0.195319801	0.120628586	0.120229617	0.126199156	0.118247195	0.175340563	0.18863475	0.167894249	0.152167325	0.189650754	0.181322997	0.159601466	0.092089832	0.099034406	0	0.130909453	0.137197449	0.137904977	0.192181831	0.251676139	0.181545443	0.214145033	0.195397401	0.189674308	0.179718913	0.171001977	0.204888756	0.195261208	0.110131339	0.100157559	0.108961105	0.065009697	0.080046363	0.098499775	0.149749827	0.088991198	0.102367371	0.104400744	0.143748955	0.190372115	0.187441276	0.177399841	0.196602451	0.121545786	0.220752484	0.161728446	0.184043554	0.141872135	0.228262859	0.194546691	0.216579119	0.230333084	0.22340036	0.240056767	0.25741325	0.216007225	0.217839353	0.247276039	0.194250759	0.157462624	0.367382359	0.162762556	0.377883881	0.179688189	0.311931649	0.190188764	0.203022286	0.244197522	0.160403673	0.150092819	0.145635069	0.280099969	0.182311899	0.117356528	0.335151633	0.242910859	0.151362228	0.214519005	0.111356901	0.169977408	0.187117339	0.269951961	0.18512885	0.209824532	0.219813246	0.178209689	0.20176072	0.210843454	0.096666709	0.203853942	0.162203254	0.176942205	0.166031096	0.122007849	0.174949436	0.104513458
18S_TGP_24_6	0.122584101	0.181158177	0.182338855	0.151469726	0.210244779	0.191442766	0.182032076	0.13605897	0.19373413	0.130980961	0.129208736	0.107484588	0.159684318	0.11950936	0.074140943	0.095130306	0.149022916	0.079982049	0.12666141	0.194704899	0.120147219	0.152348073	0.148490463	0.195642338	0.102421832	0.151000426	0.111056862	0.233973837	0.153769965	0.139390213	0.172548465	0.185861829	0.300488237	0.156517432	0.19095522	0.160456666	0.199020004	0.144470166	0.208832919	0.173362682	0.141238503	0.11489039	0.256420122	0.149273346	0.114053131	0.171792276	0.160019889	0.175128831	0.206959517	0.203628699	0.130170833	0.175261036	0.146370666	0.244045595	0.147613567	0.114431527	0.13922877	0.167666459	0.142536871	0.207464211	0.15917199	0.14874247	0.154992365	0.141462588	0.088496357	0.150273072	0.173925726	0.233740425	0.11111555	0.154480918	0.129053244	0.097200866	0.135255111	0.204640302	0.098945512	0.227966656	0.231726505	0.146716017	0.101429325	0.14088006	0.095219488	0.146198924	0.2116065	0.104650011	0.180096286	0.171231684	0.132920699	0.105811731	0.087883372	0.175026609	0.132202089	0.11659335	0.195755815	0.080446275	0.149168255	0.159233664	0.190248474	0.312431319	0.218801245	0.288063159	0.434883942	0.197199703	0.370306914	0.33079361	0.180443428	0.335387099	0.170794583	0.241616865	0.318277562	0.334942524	0.216512021	0.304273371	0.20281081	0.183017025	0.178707251	0.142198021	0.133405442	0.139015793	0.150408203	0.137858085	0.161761297	0.100794745	0.119283844	0.176920777	0.197283527	0.20250724	0.180522587	0.143165897	0.216893558	0.082232831	0.122425048	0.115658354	0.106092244	0.125432694	0.146949928	0.113125744	0.119759069	0.145732631	0.152355422	0.099522607	0.136970216	0.119017116	0.092878318	0.14300086	0.137704371	0.116846877	0.146534108	0.129951679	0.087642656	0.093450613	0.076397841	0.126744253	0.119513513	0.138565427	0.130909453	0	0.075736881	0.078614473	0.111274639	0.208835361	0.128605101	0.173961408	0.15353815	0.123695178	0.17261583	0.150908804	0.161238429	0.1543963	0.146894578	0.132947053	0.191293673	0.122793572	0.10762982	0.085240661	0.114910082	0.101242266	0.141323672	0.118685816	0.102846381	0.153587769	0.144545087	0.13579392	0.16747396	0.147085111	0.181257557	0.123372751	0.129690024	0.110259688	0.162111882	0.128994514	0.165692317	0.179781782	0.168375635	0.190601313	0.207183494	0.166589227	0.16527827	0.188386353	0.232437923	0.182974428	0.347046503	0.224075844	0.305053315	0.203617338	0.24994019	0.235344186	0.175920667	0.237206497	0.151970537	0.178492593	0.21464023	0.249838677	0.242492336	0.175554076	0.29679712	0.211049482	0.226656952	0.164308341	0.143515787	0.095551362	0.137592087	0.225018123	0.106133052	0.167803252	0.163627265	0.124110486	0.138999096	0.16908777	0.152192991	0.133832716	0.108703184	0.136804621	0.145039631	0.148735518	0.133781503	0.143714686
18S_TGP_24_8	0.163548562	0.221291547	0.230607287	0.195339826	0.251729672	0.233364058	0.223569346	0.17568832	0.20998739	0.178782187	0.184215914	0.150958149	0.170840455	0.146619828	0.101901854	0.150433347	0.194944424	0.114044445	0.166241452	0.211827731	0.148868829	0.172214452	0.194258162	0.232232439	0.132657074	0.171262977	0.107856314	0.265849276	0.184309922	0.17217062	0.211279693	0.225364176	0.33228818	0.188841967	0.227382605	0.199741327	0.234911555	0.184634776	0.246783978	0.206042745	0.189827086	0.160183761	0.294470548	0.181967663	0.155383538	0.207870219	0.195687793	0.207577052	0.23941924	0.235829687	0.163191958	0.212315532	0.18196886	0.275906008	0.193275127	0.167938279	0.178799166	0.198912556	0.194254301	0.244696183	0.204025122	0.192390354	0.202120339	0.184116233	0.060562029	0.124659973	0.190841928	0.21693135	0.082650504	0.130605958	0.101820055	0.094519973	0.136787941	0.215226763	0.104556978	0.258731793	0.265451675	0.179675507	0.128067687	0.176056471	0.129895436	0.180319093	0.243024623	0.126191535	0.20527352	0.172829297	0.13185149	0.118920898	0.107398134	0.205772451	0.145698101	0.155352834	0.212748503	0.11329991	0.169532167	0.189372543	0.226299216	0.330165016	0.223603493	0.319616879	0.468287369	0.223737408	0.403653412	0.361954157	0.212362092	0.370395481	0.208995786	0.276726591	0.352190582	0.361764625	0.255090757	0.329894049	0.242332125	0.222450183	0.22042485	0.18959131	0.184844589	0.183906751	0.194460601	0.181616476	0.207492856	0.153067847	0.164318945	0.212073372	0.230274954	0.23331722	0.214148947	0.182137163	0.257067912	0.097352728	0.160072032	0.145490575	0.132255921	0.168381404	0.186622487	0.115211478	0.148037877	0.177886343	0.153908909	0.117677383	0.182350611	0.155038523	0.110080208	0.145083243	0.159125107	0.158214266	0.177159223	0.159643658	0.106172824	0.118906139	0.068274171	0.161397961	0.112298004	0.12977665	0.137197449	0.075736881	0	0.078662159	0.14915047	0.244082548	0.15640932	0.192877805	0.185489405	0.159369006	0.176085832	0.18045863	0.200751634	0.186709985	0.176636467	0.137099617	0.187256136	0.156034872	0.098135663	0.079797988	0.104718233	0.091560727	0.126425785	0.114068149	0.152429053	0.198055895	0.189296887	0.175952753	0.191791515	0.160415065	0.224441888	0.164845148	0.162136643	0.148387751	0.198545089	0.166478416	0.20217521	0.214628264	0.21165516	0.229699214	0.237034028	0.211801591	0.198517801	0.22383964	0.237711865	0.174158711	0.35045912	0.215524624	0.322367197	0.195449363	0.265892593	0.2306936	0.189841961	0.233233455	0.158566211	0.186837982	0.204027492	0.286086966	0.230270305	0.170290428	0.311653261	0.229646438	0.217120382	0.203420635	0.159912919	0.136677406	0.180714631	0.252760188	0.14530071	0.208074711	0.194348284	0.167323754	0.187977462	0.212854106	0.173453285	0.170214573	0.152625878	0.183413156	0.176094113	0.16514623	0.180603791	0.147337939
18S_TGP_24_9	0.125787449	0.183510134	0.182336327	0.166648095	0.211621278	0.193697244	0.219932775	0.173492773	0.184165489	0.172384766	0.177304842	0.148957561	0.143992523	0.131262774	0.100412516	0.13448666	0.187881441	0.075588748	0.171348379	0.161201962	0.149434565	0.154387323	0.187071985	0.233866074	0.124548309	0.152139868	0.139110671	0.273245506	0.180779222	0.15700524	0.177998256	0.220063348	0.321480748	0.181143049	0.232628243	0.167450254	0.228551996	0.184328443	0.228957769	0.15478293	0.190833885	0.128791081	0.292643846	0.180248276	0.147347786	0.167877444	0.180733878	0.191202327	0.223985161	0.208605964	0.157772306	0.208824048	0.167876169	0.237827881	0.192711329	0.173475845	0.174674175	0.167678063	0.193785062	0.250498084	0.208678834	0.186029419	0.209435506	0.154307528	0.084955604	0.113580136	0.183380843	0.234403648	0.117693856	0.1512209	0.135003582	0.083687104	0.15162503	0.208467419	0.103443903	0.223535304	0.228918531	0.1686764	0.111505821	0.174050683	0.118214888	0.172761082	0.20887239	0.120956912	0.217066665	0.158844253	0.148687042	0.132581227	0.109025166	0.20287654	0.162656175	0.155485951	0.222021633	0.120830707	0.183282654	0.19260728	0.217032343	0.341154543	0.228342496	0.323995511	0.472611546	0.228343474	0.377410852	0.354531312	0.198207359	0.330782894	0.197532809	0.266810412	0.316821545	0.351006854	0.234059215	0.338878743	0.205192287	0.189447944	0.1875019	0.156123051	0.151769824	0.142583609	0.188567521	0.178689103	0.170118671	0.128308772	0.158510594	0.191586664	0.209173559	0.207850599	0.180313808	0.16381668	0.228811672	0.102682234	0.145814686	0.130698176	0.119860125	0.139164239	0.147306264	0.128425802	0.151090907	0.140032422	0.15475429	0.110226919	0.163864155	0.128742463	0.110592422	0.117290197	0.110725134	0.142628856	0.139411145	0.12328475	0.100359486	0.07534035	0.088234065	0.126416438	0.133835722	0.139093572	0.137904977	0.078614473	0.078662159	0	0.150193362	0.212651593	0.15774263	0.20239185	0.182774898	0.155430485	0.173304581	0.143176166	0.188114431	0.187027985	0.111023639	0.164693316	0.186226782	0.132627674	0.129985271	0.117983737	0.153348295	0.138057043	0.163779486	0.141100998	0.157248505	0.174517828	0.182123725	0.167506878	0.189143307	0.130344982	0.208892969	0.165173502	0.14698233	0.147986527	0.203528655	0.158953848	0.17852607	0.212295906	0.193340287	0.204531641	0.219804495	0.171351895	0.193285652	0.222090212	0.238217683	0.176287734	0.353563278	0.22723532	0.329759891	0.196749478	0.283011046	0.228205976	0.158508015	0.211864082	0.109713709	0.138615376	0.218632517	0.235944604	0.253841099	0.147612606	0.29143403	0.204382702	0.227333771	0.203355308	0.14144523	0.139575983	0.183966703	0.263224454	0.139849855	0.196789527	0.183257487	0.165503126	0.180455337	0.219741389	0.150922895	0.160359584	0.15366666	0.177399171	0.155399445	0.150385574	0.175205026	0.15936552
18S_TGP_25_1	0.105097118	0.157780479	0.155156109	0.126828016	0.181423571	0.162120318	0.142266427	0.12590098	0.225966725	0.132162557	0.126570305	0.119244144	0.142410215	0.119790547	0.115331053	0.106112033	0.128060858	0.098242873	0.087928132	0.17658218	0.115798948	0.147363564	0.117588552	0.15229786	0.118785537	0.125695862	0.114763803	0.178557688	0.121235879	0.124038332	0.120364644	0.142511648	0.247088976	0.126079774	0.145804127	0.085100206	0.141562018	0.122617018	0.168051808	0.14035829	0.112864564	0.091272808	0.220558468	0.116225515	0.097038882	0.117399414	0.104721613	0.119773647	0.14902266	0.142388241	0.110098901	0.13575802	0.140078951	0.195897599	0.146336211	0.111531165	0.126637257	0.152443178	0.14798352	0.166831708	0.150145982	0.138491748	0.13204656	0.124211866	0.146050998	0.187043099	0.156595677	0.249441957	0.155628355	0.182657457	0.184752867	0.146218771	0.164670097	0.19777008	0.120582568	0.171441094	0.187362627	0.098648326	0.100767406	0.115158361	0.080985477	0.119441736	0.18673748	0.088540437	0.130947875	0.155600053	0.132634162	0.090137496	0.090933863	0.151623408	0.087032064	0.079342481	0.155443934	0.10743155	0.090773964	0.118262423	0.168611867	0.261343995	0.195360451	0.255628988	0.412469576	0.167504449	0.321242316	0.275383202	0.123154357	0.295269324	0.11788668	0.184569117	0.255138661	0.271434226	0.166143297	0.262981571	0.149379501	0.1429247	0.144928627	0.129323645	0.097433223	0.108387431	0.125559818	0.118965797	0.130546769	0.093456412	0.09004444	0.122783262	0.142033564	0.156063782	0.124115398	0.092672942	0.169221022	0.105953961	0.088516189	0.086818942	0.081638074	0.091540154	0.127415384	0.102089347	0.089248722	0.105467773	0.155578654	0.107698714	0.10815954	0.104268707	0.113502415	0.151353165	0.121889802	0.092083832	0.130986841	0.116220694	0.102311656	0.149312203	0.146204967	0.155903741	0.180551701	0.194816949	0.192181831	0.111274639	0.14915047	0.150193362	0	0.172087491	0.089070315	0.122361932	0.113311295	0.073078264	0.124420984	0.137069763	0.104114468	0.102289379	0.18432472	0.171113451	0.249825061	0.191079848	0.164599826	0.143981812	0.13700817	0.155089591	0.172581898	0.180088507	0.125713517	0.134007343	0.128160207	0.142209107	0.160328304	0.155633853	0.116988609	0.147109889	0.104424575	0.129546932	0.163725879	0.126581121	0.122521301	0.137928141	0.139758236	0.129872656	0.150517581	0.127982895	0.123821778	0.156287559	0.23716178	0.200871209	0.330345662	0.241473756	0.315856546	0.214824838	0.253534022	0.238358019	0.163957907	0.21896444	0.164770642	0.20694901	0.261324983	0.237419111	0.271702171	0.210896676	0.255291718	0.212162366	0.252438919	0.116403581	0.158300008	0.103082258	0.109723101	0.172979275	0.078459992	0.139300133	0.114987928	0.096436057	0.100488996	0.134613781	0.178821636	0.07626482	0.115943242	0.127510378	0.127316509	0.171596105	0.121277628	0.156997133
18S_TGP_25_10	0.1651638	0.211457198	0.193667599	0.202047249	0.206221697	0.203955989	0.236389669	0.171290105	0.282666336	0.213993974	0.215962058	0.206971326	0.197794745	0.210359845	0.21861992	0.186797488	0.220938488	0.162912553	0.164229046	0.184927531	0.203289409	0.220151486	0.203237534	0.227360992	0.221669326	0.189969618	0.216785108	0.212107065	0.220966633	0.231838422	0.218190482	0.234478567	0.206466706	0.229487958	0.201459401	0.164241927	0.187063908	0.189933008	0.125804714	0.203900397	0.23303133	0.196946823	0.247219226	0.22172662	0.200924694	0.204327657	0.213041331	0.201353834	0.178592381	0.18526569	0.204302934	0.222740902	0.174291572	0.231664793	0.233872893	0.192262825	0.213070251	0.221918723	0.232626267	0.231516878	0.243621303	0.224832171	0.230204633	0.190752238	0.225609814	0.235044339	0.227001048	0.288649938	0.240646664	0.262088215	0.26267274	0.219675641	0.240958076	0.17806977	0.230902075	0.176969125	0.207868065	0.186150386	0.202342004	0.173737332	0.161991183	0.186248538	0.188462072	0.177186416	0.100996641	0.200814616	0.189476407	0.175789832	0.156178303	0.171790651	0.209623518	0.168334707	0.135849939	0.214072275	0.221292771	0.119749802	0.171449711	0.190648561	0.207936582	0.23311429	0.378127475	0.139971564	0.274635538	0.238735582	0.136231789	0.224256435	0.102754406	0.203527575	0.220588578	0.249400052	0.172842115	0.236578947	0.172685847	0.205805763	0.22612457	0.208677867	0.190382015	0.173949822	0.223515417	0.228997846	0.196940394	0.210777662	0.174356767	0.193320254	0.093782716	0.208466755	0.189544054	0.17866909	0.173146949	0.203177454	0.159454481	0.171072543	0.173137086	0.12173137	0.140935885	0.183838238	0.153501081	0.138456616	0.155072858	0.19295476	0.095466372	0.177672422	0.189571834	0.18910249	0.172217551	0.126327205	0.160417339	0.15306967	0.19441519	0.205281691	0.240196408	0.188681939	0.259495448	0.279429576	0.251676139	0.208835361	0.244082548	0.212651593	0.172087491	0	0.163587874	0.159309506	0.128475575	0.147988263	0.132475888	0.198476199	0.208702653	0.153158579	0.217470662	0.233336485	0.299573493	0.249429019	0.246358898	0.2339796	0.244393359	0.235103299	0.230946415	0.269397958	0.192499807	0.187483645	0.192557772	0.192025564	0.117870759	0.197530023	0.155515187	0.21617412	0.176594221	0.205197037	0.121712529	0.136423277	0.122720577	0.129250594	0.107645859	0.129476519	0.085779312	0.120486318	0.107167622	0.080270805	0.271583457	0.28250146	0.277838701	0.250307049	0.311294224	0.295386735	0.241762953	0.277671661	0.176182242	0.184887403	0.184483604	0.23987561	0.305222456	0.242833912	0.312958039	0.238237738	0.272570276	0.135016444	0.293707216	0.191786234	0.2223714	0.212897009	0.211410157	0.1735583	0.182921849	0.195857212	0.122633278	0.186526852	0.182403416	0.224241955	0.243811179	0.163707478	0.218167714	0.200947696	0.177711118	0.250746977	0.184468887	0.213080869
18S_TGP_25_2	0.090731197	0.137788349	0.1427127	0.139209547	0.188606039	0.149624476	0.132803725	0.107816918	0.201083015	0.131294334	0.133752231	0.115149686	0.112169316	0.110479977	0.125951515	0.122098084	0.13780536	0.098865491	0.121380469	0.160700414	0.113756996	0.134907511	0.104639866	0.15356058	0.113972961	0.102617805	0.10823789	0.189898366	0.101438134	0.129801252	0.13809593	0.112518834	0.22049501	0.124544589	0.141198312	0.091120884	0.115696095	0.095020689	0.151983387	0.107500483	0.125666043	0.126011273	0.209587753	0.105689434	0.089696442	0.122220958	0.110433753	0.09847705	0.14778009	0.139709283	0.117643086	0.1255252	0.104789902	0.170004989	0.151426255	0.116043926	0.122376185	0.116648254	0.153712239	0.169323045	0.137134751	0.148288761	0.128928265	0.124299469	0.15272493	0.163476254	0.14629298	0.219776094	0.141312385	0.170182067	0.173609532	0.133867191	0.145506153	0.165990804	0.117278133	0.155915479	0.168112378	0.080053543	0.096664601	0.086980475	0.097515343	0.084250566	0.14973156	0.062773288	0.125039046	0.136363708	0.085519892	0.07180961	0.095972097	0.15177057	0.101059299	0.112860345	0.116238973	0.099362452	0.119838169	0.095972128	0.130432832	0.245185152	0.165124942	0.255694193	0.407047637	0.146449873	0.321303337	0.263997335	0.098269492	0.277750116	0.12115222	0.185294567	0.250494799	0.274687195	0.150202415	0.253741982	0.155937908	0.136274447	0.144429819	0.142813265	0.114806424	0.107301491	0.127424358	0.123219018	0.127361955	0.136633867	0.094034694	0.097955115	0.151467482	0.129387506	0.097717477	0.081486907	0.150805038	0.100698379	0.068040939	0.069180257	0.093399445	0.077518256	0.097880118	0.072463523	0.08285938	0.10107046	0.134439045	0.10343139	0.118714653	0.103571887	0.097975326	0.119331078	0.108401659	0.090049056	0.087393395	0.088766202	0.09988729	0.152730876	0.148528309	0.131574072	0.183379672	0.179681475	0.181545443	0.128605101	0.15640932	0.15774263	0.089070315	0.163587874	0	0.088416091	0.094451088	0.085330329	0.08696687	0.117738081	0.122547851	0.076973743	0.17016296	0.15910202	0.227712906	0.175630685	0.157589614	0.143598775	0.138519343	0.148455476	0.154448949	0.18598986	0.116969954	0.118542217	0.11893152	0.107342888	0.120581417	0.115276303	0.127664245	0.134703528	0.092880845	0.115257737	0.170452731	0.11926138	0.121240761	0.146052415	0.146087512	0.142698349	0.152406044	0.130447202	0.0974983	0.152768019	0.208090444	0.186788214	0.301788976	0.218226396	0.304391298	0.189593603	0.233811922	0.205167363	0.120656979	0.191196365	0.15242186	0.163338269	0.212361156	0.204551843	0.240687894	0.185276633	0.237449328	0.183635866	0.206931325	0.10345548	0.136671124	0.101298392	0.112676279	0.152254857	0.081489723	0.119994742	0.111623625	0.101501938	0.122304227	0.141282803	0.157058914	0.116756679	0.125520452	0.119705441	0.105797705	0.139586091	0.120982706	0.127635228
18S_TGP_25_3	0.124375546	0.153607376	0.145382552	0.171974597	0.192678224	0.146580844	0.142343223	0.107723801	0.22525172	0.146683218	0.154705213	0.144259881	0.146864844	0.145797706	0.16109276	0.138596879	0.146424906	0.148059143	0.11296346	0.156183312	0.139968606	0.145872107	0.120770547	0.146164312	0.139831072	0.11190147	0.138636904	0.148041809	0.14459724	0.169292915	0.162128237	0.142507575	0.215329859	0.160537645	0.107475978	0.116458973	0.108146724	0.119155715	0.128897244	0.1327347	0.14399641	0.165877332	0.194355188	0.150678505	0.133342504	0.149466898	0.132154699	0.134065744	0.140422401	0.141718766	0.142116232	0.158093785	0.117502777	0.199217739	0.168066461	0.140678892	0.148399834	0.129047924	0.165825202	0.14125042	0.146535576	0.174323956	0.141233802	0.155590797	0.187720047	0.200502448	0.162568698	0.242299765	0.180833177	0.176256534	0.211029771	0.178180082	0.178798716	0.154689004	0.153783237	0.16147354	0.174765633	0.110152879	0.137640953	0.12562769	0.122417955	0.09393958	0.13522002	0.097696707	0.11718891	0.147513077	0.103146836	0.122401088	0.12342646	0.142843973	0.134839797	0.09650715	0.100239214	0.147132985	0.136529021	0.065661462	0.119151167	0.2021209	0.16372196	0.228934288	0.379192249	0.121459742	0.297345856	0.26143548	0.087846902	0.274173041	0.090200743	0.168883756	0.24501869	0.264654467	0.13035102	0.246510788	0.134902894	0.162706576	0.171440918	0.17738736	0.161972553	0.157696482	0.166653709	0.154663279	0.163190682	0.162549795	0.112746328	0.139542112	0.147082401	0.171915269	0.147609804	0.112945421	0.133203277	0.153296629	0.092596372	0.126011225	0.13925441	0.104680343	0.13418	0.133749107	0.098565956	0.126196316	0.135519102	0.161329587	0.11501045	0.13617261	0.146558067	0.158449453	0.155685298	0.085508836	0.126948117	0.147064793	0.143161068	0.209794433	0.183946516	0.187995996	0.229466466	0.220414002	0.214145033	0.173961408	0.192877805	0.20239185	0.122361932	0.159309506	0.088416091	0	0.10154272	0.101161354	0.076870328	0.131570119	0.137752491	0.080101854	0.202245248	0.182856457	0.251777995	0.208116097	0.190634387	0.168100491	0.150223112	0.179922592	0.176035123	0.229077183	0.118203263	0.126924704	0.145047523	0.147740947	0.112940454	0.155965394	0.112098932	0.140656241	0.126933498	0.133501347	0.149322899	0.11908637	0.101591646	0.111962838	0.128264455	0.107175554	0.125559912	0.117752942	0.093245526	0.141348199	0.197410756	0.205534381	0.275481604	0.204132687	0.282676521	0.206603788	0.208759656	0.187181813	0.136763218	0.163727994	0.176912192	0.205069334	0.239464658	0.208454602	0.260438481	0.226446815	0.229337286	0.171835409	0.220022878	0.101630209	0.157364864	0.133527823	0.121018298	0.105215451	0.112705179	0.118407948	0.093336215	0.110137908	0.131431805	0.135480957	0.188680872	0.117323749	0.142189845	0.150692355	0.122892464	0.160284638	0.125587553	0.153684271
18S_TGP_25_4	0.118324601	0.151018256	0.139964678	0.142363794	0.190330199	0.147043282	0.165380902	0.105790899	0.21493114	0.14566734	0.141711209	0.146171013	0.12964042	0.133960684	0.15844965	0.133133383	0.143220609	0.121992113	0.104876236	0.145839891	0.137934285	0.154302131	0.132505357	0.137081178	0.14537872	0.131928207	0.151884559	0.1976034	0.14334565	0.181039469	0.178374242	0.153497764	0.238464975	0.174865191	0.158151271	0.120542247	0.117570099	0.116523498	0.158388652	0.158399535	0.163933557	0.133910874	0.215469678	0.1571963	0.131403431	0.153338571	0.150547323	0.119068428	0.157523336	0.162435972	0.137599806	0.158398854	0.099435967	0.182750201	0.158098124	0.124597818	0.138527912	0.15201483	0.157155059	0.163186136	0.165520632	0.150808968	0.149700267	0.135840065	0.177879789	0.196981724	0.182173349	0.236763092	0.189717786	0.20274075	0.208755785	0.181208399	0.19290102	0.188206183	0.167907641	0.136188186	0.158829804	0.114280921	0.139568627	0.120116053	0.10226784	0.120638478	0.124147423	0.105125888	0.13904328	0.132186782	0.108964494	0.087461042	0.101147557	0.155104765	0.149038762	0.118476992	0.12100194	0.14237647	0.148533325	0.090326509	0.125178005	0.232053683	0.170298711	0.247100527	0.401010265	0.139694499	0.310340427	0.264305831	0.084761177	0.264390905	0.088103919	0.176335485	0.243682924	0.28445021	0.133928108	0.261888945	0.14267083	0.146327367	0.159482373	0.151262977	0.135291209	0.123992893	0.15918459	0.160008566	0.144860928	0.155956233	0.109454145	0.130659759	0.138518351	0.137583484	0.124535448	0.124161224	0.156638932	0.150489317	0.092694066	0.124670769	0.11011296	0.081092369	0.096133243	0.113134728	0.104865975	0.093472997	0.129484649	0.132268324	0.099948216	0.123430481	0.133957653	0.112216258	0.12719852	0.086608453	0.120318847	0.110352906	0.133375924	0.166144064	0.183158285	0.146453251	0.206898402	0.227835246	0.195397401	0.15353815	0.185489405	0.182774898	0.113311295	0.128475575	0.094451088	0.10154272	0	0.101464957	0.098809649	0.139297124	0.145621273	0.065687679	0.179508253	0.172327408	0.245062397	0.191279438	0.184963803	0.172249077	0.180939254	0.174612737	0.171970376	0.214420395	0.123496968	0.091968884	0.084203795	0.080308671	0.099422623	0.118091188	0.121916576	0.147155744	0.088509433	0.133073552	0.153964527	0.100474678	0.088631304	0.125750801	0.119985277	0.130971175	0.140808778	0.117604067	0.110590494	0.148691211	0.216660504	0.222001323	0.293125158	0.215561342	0.336895359	0.239831893	0.253138974	0.235598811	0.145097621	0.201745889	0.169493968	0.188330551	0.24901681	0.202096513	0.254973218	0.192972934	0.232748578	0.181641551	0.238561794	0.113422916	0.144603257	0.148399238	0.143950247	0.166222582	0.116966257	0.123411591	0.120841838	0.112374673	0.112633842	0.141294781	0.183044948	0.11017655	0.151743743	0.12473823	0.074971934	0.181982588	0.112357077	0.146517783
18S_TGP_25_5	0.115782657	0.17693159	0.172706446	0.163572838	0.205389467	0.171415041	0.16697665	0.100077623	0.225442453	0.147105719	0.148640806	0.121405968	0.149380246	0.12069257	0.121899776	0.092524242	0.149252938	0.112009278	0.072502161	0.153321716	0.104916106	0.139744066	0.125487833	0.17745704	0.118732848	0.090629877	0.111599147	0.178216717	0.143656508	0.151722278	0.149280115	0.167147036	0.24976393	0.141756789	0.131108874	0.103021791	0.142417575	0.11700548	0.149789705	0.148181005	0.135891377	0.132679481	0.237133095	0.140078333	0.112773372	0.142809215	0.130406775	0.14666292	0.156296517	0.160484584	0.129206494	0.163534723	0.134549103	0.211333692	0.169211913	0.12842349	0.141118267	0.147805821	0.169927527	0.181400531	0.168854693	0.164455175	0.15723514	0.137904495	0.161445627	0.194782451	0.169773256	0.251072211	0.162373121	0.175208485	0.196205114	0.153926263	0.167995611	0.186089974	0.130094422	0.162311393	0.207970202	0.104108702	0.093788541	0.110713668	0.07208857	0.10576044	0.171712239	0.087203467	0.102812469	0.1584106	0.124021959	0.090930355	0.087099808	0.151560236	0.117110194	0.097748128	0.144453216	0.114585177	0.122018164	0.082774783	0.158317054	0.250824187	0.19399591	0.274315244	0.427885685	0.138076904	0.343073862	0.293796799	0.122843948	0.310635696	0.115323714	0.201812296	0.280349058	0.295154985	0.17671602	0.267115424	0.177077851	0.18259267	0.168665762	0.160716775	0.135252628	0.146805117	0.161107319	0.13371365	0.170147611	0.129806714	0.095900548	0.153340659	0.131532082	0.186009114	0.15031937	0.112673834	0.183885421	0.097161929	0.081429356	0.085191624	0.091462135	0.06463988	0.112723809	0.108470438	0.047757098	0.102234415	0.109163243	0.108738691	0.095560089	0.113252047	0.106729484	0.155202159	0.12402062	0.066617503	0.123936736	0.113105943	0.094100943	0.157123506	0.155015176	0.162756333	0.17253353	0.179097997	0.189674308	0.123695178	0.159369006	0.155430485	0.073078264	0.147988263	0.085330329	0.101161354	0.101464957	0	0.090798535	0.143479774	0.128424895	0.084939392	0.194618302	0.180636745	0.246226371	0.192928147	0.175949469	0.155262939	0.137989199	0.167817618	0.173897816	0.178882818	0.108181738	0.132733163	0.14932427	0.140492385	0.112809591	0.146037785	0.093246267	0.137069938	0.111488779	0.12461401	0.140958462	0.098440613	0.111506743	0.116379005	0.119544132	0.124340921	0.129986133	0.114566476	0.078161802	0.13558517	0.233219086	0.204668614	0.330521616	0.236541956	0.310601419	0.211434858	0.248935136	0.228509044	0.154964968	0.219656126	0.16181376	0.20177546	0.251743275	0.237599319	0.271054092	0.219481235	0.273169708	0.212731362	0.240551926	0.116058626	0.156621303	0.092456415	0.131598914	0.16121566	0.086202736	0.145451989	0.104119575	0.12577421	0.104468354	0.157491341	0.171789976	0.074653775	0.115720024	0.150119381	0.107911197	0.168890087	0.121426375	0.143059697
18S_TGP_25_6	0.136357851	0.184790813	0.165881267	0.184173351	0.202216118	0.175400268	0.182469385	0.107369218	0.208450894	0.176825541	0.170089127	0.155365453	0.115720662	0.145655844	0.171675599	0.130985352	0.177915236	0.141737775	0.121420665	0.125358211	0.133691071	0.129974563	0.152424647	0.174287219	0.140043108	0.091325349	0.13254182	0.187891891	0.167991682	0.185804753	0.187847801	0.177201135	0.2272468	0.177130826	0.138695927	0.128630143	0.130899446	0.133104621	0.135067894	0.138911662	0.181871885	0.180999848	0.214754786	0.171316874	0.152236225	0.173476391	0.164660518	0.159104913	0.153231803	0.161319063	0.161763085	0.17668725	0.129617863	0.213208342	0.192912082	0.153182	0.165270355	0.137877252	0.192926631	0.175364513	0.186008244	0.18752271	0.173797046	0.173766597	0.170811237	0.176594675	0.184983266	0.224352109	0.174009796	0.16482218	0.200531248	0.164191627	0.172360275	0.140920614	0.172742505	0.16194659	0.192073304	0.136848327	0.122232319	0.118092591	0.117378501	0.109414822	0.138951291	0.098858175	0.112288855	0.113740512	0.095658653	0.125049347	0.104977023	0.155064078	0.156665808	0.123293307	0.111898742	0.146316514	0.161138279	0.074445772	0.129364294	0.218844636	0.142563192	0.25265684	0.398954133	0.128039196	0.317746455	0.266375957	0.10186539	0.280127813	0.104528504	0.188290133	0.256280418	0.273208231	0.155268098	0.254787386	0.157117612	0.18771835	0.20188779	0.19350694	0.173814265	0.163078367	0.180842369	0.181526196	0.178514192	0.189413049	0.135954074	0.156336891	0.14414494	0.181538425	0.164607905	0.134985765	0.159552052	0.129506757	0.09045877	0.118294769	0.126869429	0.098558317	0.124478618	0.09487691	0.083730112	0.125080011	0.090645953	0.135448232	0.102298748	0.099819807	0.121425128	0.122012528	0.111820436	0.082828164	0.120489223	0.124183589	0.116813175	0.210400689	0.192205456	0.17556588	0.20415114	0.200459573	0.179718913	0.17261583	0.176085832	0.173304581	0.124420984	0.132475888	0.08696687	0.076870328	0.098809649	0.090798535	0	0.137073116	0.165335355	0.096210959	0.180260571	0.170381273	0.229953232	0.185244459	0.178747711	0.159859265	0.153979741	0.168787868	0.166604442	0.212731309	0.135126392	0.147943317	0.162127676	0.147913776	0.085413331	0.120510914	0.125608373	0.163052091	0.147021225	0.149352276	0.154225326	0.119638386	0.114396431	0.129513739	0.13240867	0.132573458	0.135592498	0.116500308	0.086433185	0.142692542	0.186905306	0.193056653	0.270611861	0.186168449	0.301633437	0.198512183	0.230759531	0.178657562	0.121167834	0.15948371	0.146766177	0.183015603	0.226353867	0.215843995	0.247864391	0.204047132	0.25079265	0.16906166	0.205672855	0.136321446	0.137296882	0.15844361	0.159147413	0.153414288	0.136838142	0.148220061	0.096001542	0.139951354	0.143182554	0.170235078	0.164733359	0.127554145	0.172128541	0.160744769	0.112653401	0.153268073	0.142348061	0.137496797
18S_TGP_25_7	0.113225733	0.119314822	0.145723442	0.131009645	0.228948954	0.151215247	0.154991989	0.128219908	0.176326576	0.116924963	0.139350621	0.135137024	0.131305687	0.123563637	0.16265139	0.148934993	0.124849725	0.122325732	0.153229723	0.14650513	0.110318738	0.140707076	0.123243982	0.188027702	0.120147724	0.143033474	0.162443333	0.240677141	0.164313563	0.199547711	0.185405817	0.154078424	0.283595143	0.201485628	0.162290321	0.135467224	0.173624491	0.132803778	0.211737006	0.140298713	0.145752569	0.131964304	0.27022051	0.183689759	0.136518397	0.180628064	0.16318081	0.150670176	0.204854618	0.202001532	0.193586169	0.198203594	0.139836562	0.224241015	0.150630761	0.135397148	0.123921261	0.111596464	0.141958885	0.196560136	0.131320902	0.148080293	0.150911739	0.105200762	0.171304692	0.158505826	0.204657775	0.242815964	0.18372004	0.21348208	0.201620598	0.166333218	0.194284956	0.19570387	0.164707596	0.190702046	0.204658438	0.143903476	0.094455608	0.155769369	0.152797412	0.125310471	0.164784556	0.102410749	0.198397623	0.147712514	0.125543027	0.129892859	0.143818357	0.22537888	0.170931997	0.16464865	0.180527531	0.145938684	0.174378618	0.135537803	0.183973756	0.281499193	0.222203682	0.294168013	0.446277979	0.206594856	0.340281148	0.307876001	0.137612438	0.312798926	0.153049559	0.210748992	0.275070478	0.312510312	0.166953939	0.323423586	0.17871547	0.144582429	0.135209489	0.140398813	0.142805551	0.135548268	0.182875847	0.16058399	0.136273524	0.116113499	0.1161972	0.163242585	0.19804857	0.174509037	0.156074531	0.150723567	0.185892055	0.147668876	0.115557853	0.137950103	0.11994327	0.115784619	0.123257438	0.120070685	0.145482614	0.15444847	0.15900836	0.127765514	0.151465471	0.094224885	0.124793867	0.105060254	0.117540863	0.138910546	0.13640889	0.103659063	0.138877265	0.171187869	0.166258186	0.148022144	0.196532391	0.20443502	0.171001977	0.150908804	0.18045863	0.143176166	0.137069763	0.198476199	0.117738081	0.131570119	0.139297124	0.143479774	0.137073116	0	0.115220072	0.112934625	0.130975819	0.146471691	0.206594523	0.153387318	0.164993205	0.151749464	0.167769529	0.160561197	0.172137655	0.201353741	0.113722481	0.110471675	0.136121732	0.113609256	0.154771671	0.139950116	0.130831399	0.074431926	0.115394448	0.086362656	0.209503869	0.165106098	0.143754875	0.175686704	0.173773125	0.14391682	0.175816583	0.144934713	0.161107043	0.201690518	0.222237115	0.213318438	0.319051203	0.227864198	0.358523278	0.233356644	0.282879964	0.243195497	0.159376553	0.201277095	0.140793213	0.156256541	0.224341478	0.217846716	0.25675667	0.160096029	0.267100374	0.192714783	0.231788747	0.139610468	0.123416394	0.140476913	0.117250383	0.204172588	0.13353156	0.138554077	0.162929292	0.112814433	0.1499743	0.151413943	0.161026753	0.154944918	0.133082918	0.14432378	0.109452404	0.140518809	0.141357029	0.13872522
18S_TGP_25_8	0.133710202	0.152712631	0.181153703	0.140105233	0.238100301	0.17572107	0.13770654	0.146577051	0.220061513	0.12427662	0.133476479	0.152050452	0.167749886	0.150897498	0.160649362	0.165102646	0.119088884	0.154487948	0.136820318	0.191200282	0.13589977	0.16982354	0.117933339	0.178017387	0.156172448	0.168098341	0.176064603	0.22186437	0.150901873	0.181832699	0.181657575	0.146081247	0.267089398	0.177931844	0.171373375	0.109126623	0.165891515	0.146916359	0.209881423	0.178144938	0.128816492	0.133547061	0.255161043	0.158187625	0.115091499	0.177957565	0.148813749	0.143387182	0.189578744	0.201505111	0.178063239	0.167805179	0.159885413	0.21518088	0.146625473	0.142627232	0.129712705	0.151630907	0.152240279	0.1868289	0.134313958	0.146254627	0.13386904	0.119818535	0.200036557	0.20995899	0.20533639	0.269111571	0.209229316	0.251352874	0.230550427	0.192067548	0.220624994	0.234692175	0.161528511	0.1902421	0.209258633	0.145721599	0.108735122	0.155185959	0.147216589	0.141567866	0.206741387	0.134260026	0.192116098	0.199214493	0.157182043	0.142418283	0.16499541	0.226898386	0.144940603	0.147339924	0.192264049	0.154155479	0.149331359	0.143249675	0.191995792	0.280008683	0.247845532	0.285177376	0.438557139	0.215395863	0.343226559	0.292830498	0.139085539	0.313445388	0.140684892	0.205335122	0.278147265	0.298536933	0.172994155	0.308390005	0.169976438	0.154605673	0.133494498	0.137241723	0.137084127	0.141271145	0.162907807	0.140885574	0.142113161	0.117797074	0.100981741	0.149081258	0.18549104	0.170733439	0.140853309	0.13124445	0.188906886	0.151412989	0.14088224	0.154874215	0.136331225	0.134092646	0.146755547	0.140465106	0.145240034	0.168237659	0.185815987	0.140402559	0.157775236	0.130276986	0.14940497	0.155738485	0.151927352	0.149945344	0.167060192	0.141405953	0.152169646	0.185251483	0.185826775	0.181925008	0.220339801	0.23451406	0.204888756	0.161238429	0.200751634	0.188114431	0.104114468	0.208702653	0.122547851	0.137752491	0.145621273	0.128424895	0.165335355	0.115220072	0	0.122720959	0.188064208	0.188362512	0.250715198	0.196468225	0.194366687	0.188001109	0.19303718	0.190199845	0.201514757	0.226129868	0.136669142	0.130206739	0.142173881	0.149847829	0.180356184	0.176421426	0.114474388	0.129108951	0.112061027	0.11907949	0.197179947	0.163155873	0.146871447	0.165725205	0.165262368	0.135271705	0.173122552	0.149542997	0.161790321	0.195197341	0.25534537	0.252942365	0.357272619	0.257677701	0.377635724	0.26892346	0.297993601	0.277945532	0.2009415	0.240612788	0.196206532	0.202217921	0.257756599	0.253366734	0.28470685	0.211843634	0.271161732	0.233818901	0.267874239	0.120576333	0.155481324	0.136814431	0.107115584	0.188001121	0.125053147	0.156800021	0.161928874	0.125256071	0.137442385	0.144162382	0.191377775	0.126086008	0.134039363	0.139372145	0.140015371	0.175874608	0.140224843	0.160125905
18S_TGP_25_9	0.112727475	0.143358409	0.144798679	0.138287382	0.212506259	0.144849443	0.137259215	0.093444572	0.209017628	0.126757445	0.140020983	0.132819311	0.131317837	0.130728448	0.143307803	0.12686189	0.131112242	0.127577747	0.109354678	0.147002149	0.121326649	0.133656392	0.099951735	0.137588766	0.141558248	0.112075438	0.135503737	0.188507518	0.131547934	0.174803898	0.166364091	0.139142701	0.235850906	0.163100159	0.151644357	0.108895714	0.114037936	0.099670624	0.155873009	0.135923332	0.138442263	0.13623713	0.214923038	0.147776192	0.122703872	0.149856123	0.131280546	0.122856626	0.164974614	0.16799759	0.134207896	0.151121392	0.114774324	0.19264687	0.150120031	0.119569824	0.127727953	0.115698935	0.152452528	0.162468431	0.14527479	0.143829718	0.1409506	0.133962199	0.185113656	0.194600194	0.179920336	0.237842621	0.184380313	0.204271288	0.215485631	0.174299753	0.190167388	0.186998395	0.148363137	0.152148898	0.177783784	0.104968401	0.120175751	0.124886978	0.100771492	0.093814581	0.142313573	0.093155978	0.134508004	0.130206822	0.093500413	0.088380481	0.108233334	0.164143345	0.139760285	0.114024201	0.115682371	0.134055063	0.145222019	0.088969607	0.147704601	0.236866975	0.175102449	0.260783113	0.414706763	0.149802093	0.323161721	0.277402965	0.098968206	0.287555952	0.100015171	0.18580945	0.255293061	0.289391772	0.145932249	0.271532512	0.157493477	0.147508881	0.145138703	0.15123512	0.137930746	0.135651077	0.158150712	0.138900805	0.143195692	0.147625868	0.094112825	0.123268209	0.146116172	0.144978972	0.136279711	0.11043934	0.156370532	0.134529135	0.075552146	0.100389903	0.114703763	0.083526359	0.095838753	0.102408321	0.095877023	0.117399197	0.126721292	0.117874446	0.104396653	0.106152481	0.117468878	0.114859718	0.12304769	0.08591962	0.114499885	0.109233234	0.122674152	0.180221493	0.176906041	0.15695359	0.206475871	0.216041183	0.195261208	0.1543963	0.186709985	0.187027985	0.102289379	0.153158579	0.076973743	0.080101854	0.065687679	0.084939392	0.096210959	0.112934625	0.122720959	0	0.17807488	0.15932197	0.241084694	0.186992715	0.180832984	0.170080086	0.155095015	0.170101052	0.159066025	0.208110928	0.10197047	0.088989094	0.108840767	0.099039541	0.101001784	0.123113181	0.093400603	0.12216321	0.092102586	0.110482362	0.162342429	0.106036375	0.101371538	0.118460782	0.136691692	0.116285042	0.129997265	0.112019212	0.097089623	0.153226924	0.218349143	0.227202179	0.301090773	0.229449296	0.334720082	0.23188601	0.260945567	0.236507394	0.145427917	0.199985752	0.167402559	0.185036851	0.2371114	0.216489077	0.25873359	0.200102948	0.247670094	0.193023914	0.229391821	0.100787312	0.144912796	0.120056541	0.118009019	0.15098458	0.107624013	0.118201906	0.122383724	0.109641513	0.120168452	0.130655112	0.177681054	0.104978986	0.135717543	0.131586426	0.091389623	0.158979989	0.109132687	0.137113224
18S_TGP_3_1	0.13737417	0.154552673	0.146903115	0.161306936	0.22722518	0.169976294	0.213836335	0.172845491	0.129947631	0.162948321	0.177161912	0.160033129	0.126885371	0.149011737	0.184081138	0.178077169	0.173287548	0.151913911	0.206189759	0.117042293	0.183050477	0.111662232	0.172765308	0.227540188	0.1622105	0.166218251	0.181807828	0.307700594	0.198168933	0.237617853	0.225241876	0.20595397	0.317067842	0.245299596	0.261437927	0.178740107	0.21557961	0.18823489	0.250200616	0.165066041	0.221675735	0.167219674	0.28958429	0.214530458	0.179492192	0.196941266	0.219261501	0.202912164	0.248972069	0.237053895	0.222667055	0.219650545	0.17379072	0.218968861	0.187059164	0.17695357	0.170080985	0.151290235	0.183781324	0.248252512	0.198020318	0.173245274	0.206057236	0.169687681	0.16239514	0.124949904	0.214668702	0.22595106	0.174108206	0.187722205	0.187952983	0.160098807	0.20885543	0.228619761	0.200426386	0.190818576	0.207598511	0.199627249	0.14428849	0.191062972	0.19212615	0.183357282	0.183855502	0.153726784	0.244730742	0.12263649	0.154317303	0.170245503	0.176966941	0.253661923	0.216350969	0.218156933	0.224284635	0.183976248	0.225495332	0.206433876	0.221574263	0.329455643	0.248324461	0.339271645	0.476519351	0.254145341	0.371768934	0.3461376	0.186660458	0.307838278	0.19994733	0.266363684	0.296417367	0.351487547	0.220908579	0.360740707	0.19699432	0.169489052	0.15972233	0.155282033	0.161554008	0.14241381	0.204149762	0.19225967	0.151097266	0.182835447	0.168279352	0.188747738	0.229554203	0.184361287	0.17962102	0.182667995	0.202459307	0.155543098	0.167202915	0.181045494	0.161825348	0.162883628	0.125781455	0.141065307	0.194716651	0.152683859	0.149869612	0.13530978	0.169012803	0.117628446	0.133316981	0.101481569	0.095187165	0.172312304	0.134992683	0.129494656	0.161465828	0.12915044	0.188915649	0.10448925	0.16845504	0.174752395	0.110131339	0.146894578	0.176636467	0.111023639	0.18432472	0.217470662	0.17016296	0.202245248	0.179508253	0.194618302	0.180260571	0.130975819	0.188064208	0.17807488	0	0.126361981	0.141578569	0.069887411	0.122604566	0.126909972	0.18261762	0.126304421	0.144590539	0.166561206	0.141015589	0.162441955	0.162534953	0.152028196	0.179913132	0.107325046	0.198966062	0.165541647	0.165046594	0.151185661	0.23727564	0.185863187	0.184505178	0.230145813	0.213186912	0.210014672	0.22901909	0.146539962	0.212827925	0.247308985	0.209073368	0.179211767	0.341734369	0.212611623	0.388129118	0.194865935	0.318740085	0.21161996	0.162436948	0.186798092	0.133505995	0.100045768	0.201785952	0.199096442	0.23723052	0.090579614	0.257557888	0.189309717	0.20826211	0.209868888	0.115349937	0.185699844	0.193665155	0.270365902	0.179792585	0.188315163	0.204478753	0.167866495	0.206595716	0.212266003	0.121506687	0.200621204	0.179256136	0.179084405	0.158931645	0.127099845	0.175408387	0.150730965
18S_TGP_3_10	0.162723771	0.193715044	0.193536177	0.180092543	0.262458896	0.1997503	0.207953978	0.152386073	0.166070124	0.161398894	0.172833337	0.169273164	0.156793997	0.173703066	0.18826016	0.17503071	0.178402649	0.176854613	0.185278299	0.147337617	0.166924642	0.132441207	0.165493414	0.21036681	0.165249879	0.18057163	0.130672481	0.283506551	0.208632726	0.230380801	0.231317066	0.197173264	0.309181108	0.235555366	0.240224769	0.190492968	0.211214505	0.164496672	0.241001455	0.200934423	0.203385766	0.193080768	0.285426739	0.211883442	0.176251616	0.230544063	0.217969422	0.205735922	0.243071106	0.24826185	0.216205546	0.218323011	0.165677512	0.260741458	0.1820081	0.148576442	0.170518288	0.158695446	0.180424686	0.231195917	0.18974875	0.183130344	0.192141021	0.190529358	0.110200257	0.103493034	0.226633169	0.145322583	0.113406001	0.15529244	0.113484172	0.155700822	0.169374459	0.216044923	0.209489259	0.236888717	0.240682915	0.199753121	0.143401696	0.184947673	0.185674237	0.171474153	0.216460293	0.139781604	0.212916178	0.124922664	0.115917974	0.165130808	0.152382033	0.239557792	0.198998648	0.193888987	0.199967137	0.168141096	0.207950972	0.184838403	0.216468361	0.313695822	0.228774114	0.312003676	0.453459593	0.230438137	0.375458154	0.335883633	0.182638466	0.353395786	0.187630981	0.2556932	0.320732435	0.339936135	0.22295623	0.339393803	0.226887049	0.206047666	0.206882786	0.189891401	0.185191662	0.182456775	0.203162953	0.199437711	0.193725713	0.191742322	0.166566033	0.206719605	0.235621077	0.214058025	0.20879764	0.185003344	0.218854713	0.162535604	0.158685563	0.174834865	0.16140446	0.163914983	0.160027044	0.140805175	0.174369693	0.194397269	0.126293225	0.138466867	0.166671418	0.117202215	0.109274373	0.126154706	0.133247672	0.162583415	0.162815269	0.146831079	0.144934878	0.206273208	0.185502172	0.163728619	0.093117996	0.120096116	0.100157559	0.132947053	0.137099617	0.164693316	0.171113451	0.233336485	0.15910202	0.182856457	0.172327408	0.180636745	0.170381273	0.146471691	0.188362512	0.15932197	0.126361981	0	0.142120595	0.102627219	0.078046654	0.101019973	0.114305572	0.085813463	0.064542836	0.096051605	0.110015476	0.154502048	0.156266419	0.147434074	0.168362814	0.130588249	0.183148976	0.132285428	0.176700722	0.133951427	0.219090729	0.176372397	0.187364082	0.205235991	0.200228594	0.195692381	0.2137005	0.175963293	0.190201153	0.227531177	0.183525445	0.189311534	0.332237533	0.129265308	0.37707456	0.20221069	0.296085358	0.216263344	0.176649962	0.212433164	0.157596577	0.162133934	0.135423178	0.253986138	0.14885744	0.102110202	0.300646745	0.196411229	0.135492787	0.188794452	0.129781502	0.17245686	0.175597547	0.242862872	0.167966962	0.172807456	0.196840702	0.150987318	0.189326543	0.190603277	0.146510991	0.198291728	0.182298676	0.173686595	0.174119539	0.157558665	0.158682715	0.107576872
18S_TGP_3_2	0.230171168	0.26067488	0.264142075	0.248026849	0.329572795	0.271637164	0.275777508	0.215985142	0.105610941	0.21788288	0.223929567	0.211637874	0.179701933	0.209875588	0.232764748	0.223405928	0.229301408	0.236016989	0.257290603	0.151951468	0.223897521	0.146081001	0.234288609	0.279590717	0.203316808	0.210911614	0.192834856	0.350091296	0.259315216	0.298338423	0.300167108	0.268626374	0.376613169	0.300732332	0.30105604	0.261821162	0.279048939	0.235030793	0.306852268	0.244584659	0.260429914	0.249229149	0.349557052	0.269550922	0.230494492	0.29928755	0.286430749	0.275226597	0.312172882	0.320699618	0.277627443	0.279227371	0.235015283	0.325181465	0.230916157	0.219722993	0.217147398	0.212462808	0.221878572	0.290553792	0.238752271	0.234564113	0.2447883	0.243798118	0.189545035	0.134752768	0.291619695	0.188068479	0.198368669	0.192466489	0.195857516	0.217012873	0.236317806	0.279800846	0.249174932	0.302810679	0.304039685	0.267504699	0.191775181	0.242451652	0.245998023	0.238895929	0.2695533	0.208163073	0.28387237	0.149012121	0.189358178	0.231163385	0.229442064	0.304481469	0.268845679	0.268898267	0.275499441	0.226672472	0.274724597	0.253375026	0.271394618	0.375138091	0.295182265	0.385255418	0.50616813	0.300925846	0.442702219	0.402981809	0.255202816	0.414968389	0.26263396	0.330339666	0.392329665	0.411622155	0.294271309	0.403380475	0.296005754	0.275383563	0.256628115	0.242118413	0.251312579	0.248685684	0.269388958	0.247187141	0.259242897	0.253055626	0.231873765	0.271729946	0.304442936	0.279123482	0.274400735	0.255646605	0.294615315	0.203802832	0.230609248	0.251344996	0.230687007	0.235660403	0.225680356	0.194480262	0.238903141	0.263861155	0.176144097	0.192484029	0.252496894	0.181701628	0.176144285	0.165580533	0.167435107	0.232536122	0.234778849	0.219540755	0.201071785	0.247503447	0.234581716	0.211988207	0.152155336	0.137233009	0.108961105	0.191293673	0.187256136	0.186226782	0.249825061	0.299573493	0.227712906	0.251777995	0.245062397	0.246226371	0.229953232	0.206594523	0.250715198	0.241084694	0.141578569	0.142120595	0	0.098371116	0.146787646	0.152822987	0.194810988	0.156429207	0.156579311	0.157210291	0.185023036	0.227338013	0.220342811	0.209965211	0.224975073	0.160039155	0.264034735	0.196517903	0.235290229	0.193163583	0.271622997	0.239485606	0.262031057	0.276126096	0.273197322	0.280769906	0.295775028	0.25471116	0.264178983	0.294496138	0.1641822	0.113239004	0.390860369	0.177662845	0.419682771	0.191560013	0.355604472	0.182528765	0.248292822	0.267913832	0.205486924	0.180605609	0.143035427	0.306488711	0.166952667	0.15627061	0.367842998	0.268226846	0.166223491	0.261320385	0.158580994	0.230618744	0.236165391	0.310079687	0.231787429	0.250690516	0.26899724	0.233649298	0.256761972	0.247610846	0.102551309	0.26358093	0.222545867	0.238580267	0.222265157	0.168604908	0.219393762	0.144605857
18S_TGP_3_3	0.172092678	0.203415573	0.202644273	0.175482988	0.274723572	0.216200425	0.21240206	0.164946478	0.098740388	0.154959374	0.16505518	0.144570891	0.135977598	0.153166373	0.179213532	0.165371965	0.177351126	0.180724772	0.199601299	0.113000408	0.170585817	0.095762093	0.178522816	0.230438153	0.150424888	0.161439366	0.159657987	0.300452215	0.204394932	0.242438194	0.245384966	0.212099005	0.329015043	0.243540086	0.249665574	0.204864115	0.230135814	0.176932866	0.252214973	0.190556674	0.207758545	0.189098835	0.295623026	0.217961917	0.174189601	0.245441951	0.230820302	0.221736537	0.257422895	0.267984123	0.232187005	0.22450372	0.18157109	0.272261911	0.173503551	0.161078841	0.164799964	0.157379219	0.169710895	0.236901262	0.185482988	0.168022233	0.188252823	0.179956818	0.155553571	0.113250058	0.23696883	0.197691989	0.163214633	0.16018279	0.159232453	0.171664436	0.195508743	0.229201013	0.193348083	0.252977463	0.258730246	0.211599374	0.136398672	0.193897399	0.19362264	0.182396143	0.225287714	0.153756057	0.239047781	0.106041206	0.146742243	0.177906754	0.17576074	0.257974455	0.219962107	0.210849728	0.228257474	0.173189767	0.224120496	0.206222985	0.226442357	0.340143575	0.254157925	0.330474996	0.465591434	0.253032543	0.397430058	0.359942211	0.207762769	0.364864289	0.206413895	0.270784895	0.345837061	0.364315598	0.24346476	0.356609684	0.244045913	0.210154385	0.193113279	0.167475144	0.190421185	0.188629255	0.205906242	0.182295273	0.191444379	0.189310395	0.167219449	0.21754314	0.248460239	0.230192514	0.216353856	0.195572402	0.244594984	0.148127315	0.171807732	0.194579457	0.171833946	0.18197674	0.177756507	0.145970597	0.189975795	0.210545452	0.138715893	0.134186924	0.18745787	0.122800637	0.12864218	0.120845417	0.11391675	0.176939503	0.185519392	0.169298948	0.155740763	0.184344395	0.175992343	0.154950843	0.127086777	0.13430339	0.065009697	0.122793572	0.156034872	0.132627674	0.191079848	0.249429019	0.175630685	0.208116097	0.191279438	0.192928147	0.185244459	0.153387318	0.196468225	0.186992715	0.069887411	0.102627219	0.098371116	0	0.096110384	0.095360949	0.15839802	0.094868575	0.122057479	0.125110192	0.126784042	0.175289606	0.175942738	0.16425505	0.189730946	0.114254199	0.207084816	0.151422358	0.175592678	0.136871565	0.223898338	0.185671122	0.20575222	0.228195237	0.214601581	0.228749344	0.245280192	0.201369129	0.21284787	0.240572588	0.180820397	0.139864867	0.353932	0.187069599	0.376870336	0.155858409	0.312511885	0.172699784	0.200787789	0.225555058	0.153023462	0.137413726	0.166336543	0.263915971	0.204195044	0.1207681	0.320692913	0.231750927	0.173055516	0.20107187	0.106418324	0.174553906	0.182977037	0.263949702	0.180127355	0.19514628	0.210135967	0.164762915	0.195897406	0.201349651	0.083082813	0.210085606	0.163629771	0.172762739	0.169328007	0.116034887	0.166324359	0.117406892
18S_TGP_3_4	0.161892248	0.213478324	0.21557635	0.174262257	0.26108697	0.225129583	0.219113758	0.164702739	0.163950334	0.166334889	0.168831203	0.141025908	0.162718147	0.142285846	0.154484046	0.154529858	0.186214356	0.162760369	0.179899249	0.178624935	0.153666241	0.140824923	0.184462999	0.230470079	0.141604302	0.171662509	0.118336097	0.282852676	0.189468345	0.219419724	0.226425387	0.2187272	0.33204248	0.220911532	0.234475567	0.19622026	0.231359905	0.181532626	0.245930281	0.201725747	0.190318082	0.174769634	0.291053166	0.197093225	0.158291092	0.226500759	0.213309837	0.212237474	0.245738069	0.252476142	0.206010273	0.210938659	0.176242054	0.273584061	0.175944722	0.157874803	0.166729675	0.185264596	0.182605804	0.24024584	0.195268834	0.178283667	0.194281192	0.177317249	0.094862572	0.087196411	0.202482696	0.174866919	0.096440119	0.139951329	0.106141575	0.131070091	0.154560764	0.221840809	0.167507706	0.257358607	0.264823252	0.195525499	0.122599786	0.179066381	0.169941437	0.174809332	0.236324921	0.130704447	0.216306784	0.145323847	0.133609583	0.146382808	0.145111512	0.233395549	0.184008953	0.187140457	0.21869018	0.142237405	0.189742581	0.19196201	0.218593642	0.333380248	0.233292962	0.317806133	0.4650626	0.232063942	0.402724837	0.364871664	0.212780695	0.367775387	0.204097296	0.275856225	0.350793652	0.36342405	0.249118753	0.339783047	0.22944179	0.216065669	0.204301646	0.169827956	0.183202599	0.179733235	0.197901251	0.178527616	0.198510209	0.17400261	0.162088474	0.210233475	0.235228852	0.234558972	0.211319832	0.176581965	0.251635731	0.119132694	0.159562527	0.168901529	0.151062379	0.170344274	0.185212842	0.122165388	0.16600508	0.190474917	0.133106604	0.113964271	0.17250901	0.138319088	0.110224087	0.131364376	0.140324603	0.161687564	0.172388867	0.161132452	0.128562596	0.166839345	0.14388234	0.14914156	0.085958959	0.100516776	0.080046363	0.10762982	0.098135663	0.129985271	0.164599826	0.246358898	0.157589614	0.190634387	0.184963803	0.175949469	0.178747711	0.164993205	0.194366687	0.180832984	0.122604566	0.078046654	0.146787646	0.096110384	0	0.062299778	0.110640662	0.052769225	0.068315269	0.084740542	0.134432262	0.184805519	0.181723963	0.1657121	0.192383765	0.13594753	0.216230484	0.155203503	0.153558308	0.138812434	0.188202649	0.155334664	0.193443507	0.205737279	0.196312256	0.220734081	0.226324353	0.192852381	0.193837556	0.210921769	0.207743966	0.172113099	0.354835197	0.172675854	0.349381934	0.187954105	0.273440349	0.209643311	0.186689954	0.232078032	0.154211522	0.162751588	0.15398594	0.276824995	0.189244446	0.110217276	0.317405555	0.228761193	0.167847046	0.193740272	0.131421621	0.14809988	0.173935326	0.250757129	0.159680211	0.204411716	0.183960998	0.154347541	0.18415768	0.203657417	0.138552137	0.179768362	0.151483245	0.173517085	0.172692176	0.14640362	0.172855456	0.117491865
18S_TGP_3_5	0.147157037	0.198582523	0.19839786	0.163989691	0.238508171	0.211831184	0.199112146	0.145949902	0.176959546	0.145987371	0.149324204	0.111403111	0.145682859	0.118729028	0.134914373	0.134806198	0.163489385	0.147844184	0.15313073	0.185795275	0.131281931	0.139385585	0.164639594	0.20488859	0.110934774	0.14704569	0.095198078	0.250924613	0.16648521	0.205380085	0.209046753	0.20361423	0.318744651	0.206614869	0.203235223	0.183849971	0.219583085	0.164925641	0.22507656	0.184611205	0.16685401	0.157372697	0.271218458	0.174794321	0.138247349	0.209751411	0.194624329	0.19371614	0.227350787	0.229527349	0.183663714	0.193988706	0.164325931	0.262390112	0.158785495	0.133508735	0.149618094	0.169797334	0.153022151	0.216296617	0.166720596	0.16138161	0.162388957	0.161030808	0.102672051	0.104817938	0.193571222	0.201969707	0.10810896	0.134796663	0.122862233	0.119281609	0.139649613	0.201693113	0.153284542	0.245247688	0.252253999	0.175122423	0.104842208	0.161388975	0.154108478	0.160639212	0.222470947	0.108834659	0.192064276	0.14736515	0.113924552	0.124565783	0.130800987	0.213816362	0.163159604	0.171824078	0.20144364	0.125227071	0.16397304	0.168023692	0.205548074	0.314930101	0.210473033	0.30287084	0.445390337	0.20997622	0.389717789	0.351242204	0.199014724	0.356165101	0.193954841	0.260665096	0.337537952	0.351103736	0.236552564	0.318057188	0.228150454	0.200250275	0.196923202	0.160088332	0.164172625	0.162436492	0.168463186	0.150511946	0.179325426	0.155985939	0.142181657	0.196584869	0.216025723	0.220929511	0.200181114	0.16560273	0.238641436	0.106237056	0.137013711	0.152790725	0.132300395	0.150563902	0.174556503	0.098825299	0.141511534	0.171986658	0.129208496	0.097547876	0.156329501	0.123887869	0.091239641	0.125673118	0.135342481	0.140209497	0.158106121	0.147424467	0.112848985	0.16130833	0.126330964	0.13745064	0.114276011	0.112979862	0.098499775	0.085240661	0.079797988	0.117983737	0.143981812	0.2339796	0.143598775	0.168100491	0.172249077	0.155262939	0.159859265	0.151749464	0.188001109	0.170080086	0.126909972	0.101019973	0.152822987	0.095360949	0.062299778	0	0.079108563	0.033066319	0.093499567	0.105076577	0.110756112	0.173742782	0.166228013	0.152250333	0.174583881	0.138697572	0.205058139	0.140173621	0.155364354	0.122894975	0.193111765	0.164877029	0.187983489	0.198635021	0.195626541	0.213525026	0.22468661	0.188797492	0.182365761	0.213714299	0.212934376	0.15811036	0.334808616	0.198691606	0.323127475	0.173784133	0.258375784	0.20123931	0.171228572	0.216935819	0.134324304	0.159763289	0.178174009	0.264674684	0.213304786	0.139380645	0.303743517	0.215343731	0.19148528	0.180380674	0.132964498	0.132596583	0.154834789	0.2326449	0.139552124	0.186899893	0.177768383	0.133504541	0.164232411	0.179928614	0.138453864	0.170285611	0.12173346	0.155035746	0.153763654	0.12137283	0.156031233	0.122090354
18S_TGP_3_6	0.143896584	0.195781176	0.200237426	0.182040283	0.235368427	0.198111268	0.189618295	0.145337686	0.221016731	0.177546117	0.171912875	0.153133298	0.17181296	0.14809967	0.154808098	0.146199238	0.185696535	0.164458159	0.148386797	0.203086805	0.131419489	0.148215296	0.164195725	0.206008773	0.129820345	0.139616676	0.0791726	0.226754263	0.171602069	0.183824422	0.18718926	0.189439597	0.3089928	0.185067766	0.177554455	0.165903941	0.19436686	0.158731653	0.214149689	0.167823187	0.157071658	0.164651874	0.262003943	0.165573591	0.14005911	0.180506267	0.166588561	0.180648223	0.212702656	0.19987228	0.179769102	0.190384898	0.161523476	0.25282845	0.178390531	0.135044492	0.179754812	0.167511853	0.177470542	0.202479835	0.175143151	0.196381185	0.165450215	0.1825958	0.112573803	0.143780587	0.176723758	0.206039741	0.091689586	0.116096596	0.137324508	0.123111883	0.131434563	0.183488167	0.167570017	0.241343629	0.243245798	0.149787736	0.119513515	0.160757742	0.161887349	0.141984281	0.225024111	0.113238923	0.185287483	0.173639204	0.104950815	0.130939974	0.13248871	0.197887012	0.137620388	0.148052647	0.187409959	0.129505112	0.161505343	0.162960843	0.202958034	0.306410356	0.204902287	0.296679043	0.442317077	0.204258259	0.384228517	0.351807299	0.195243035	0.355805623	0.197750345	0.258840949	0.335950518	0.340085027	0.234169784	0.315142675	0.222947896	0.201966729	0.206668639	0.188363784	0.165892911	0.17385134	0.176932878	0.165410293	0.194416992	0.164963913	0.153657742	0.186848174	0.218514141	0.224167148	0.192017085	0.148710755	0.218911609	0.133134798	0.137625668	0.13980133	0.133641461	0.146568443	0.180267977	0.127232253	0.132310375	0.178958606	0.148064975	0.129216755	0.165811818	0.135132394	0.095827852	0.168265471	0.163931054	0.148811871	0.155100532	0.148500826	0.122726739	0.189736524	0.139560767	0.177921085	0.136365334	0.137415113	0.149749827	0.114910082	0.104718233	0.153348295	0.13700817	0.244393359	0.138519343	0.150223112	0.180939254	0.137989199	0.153979741	0.167769529	0.19303718	0.155095015	0.18261762	0.114305572	0.194810988	0.15839802	0.110640662	0.079108563	0	0.095047728	0.114271046	0.118825413	0.115087058	0.164819821	0.180825833	0.180622312	0.179414019	0.15828278	0.186745848	0.139796105	0.170763051	0.133263813	0.200429624	0.177261384	0.190797276	0.185777266	0.196606335	0.194127464	0.212913641	0.18327627	0.169798933	0.209356917	0.219287154	0.166601671	0.338429488	0.205185778	0.291954391	0.157803246	0.24460788	0.197261595	0.163914224	0.206606731	0.145261079	0.192996399	0.20099919	0.26579494	0.22303442	0.185291142	0.273619516	0.216286847	0.194383255	0.172134419	0.155995141	0.130722495	0.161133465	0.206810492	0.131683274	0.179450751	0.171113186	0.129584104	0.169981784	0.177571249	0.171616399	0.163599055	0.139173121	0.179299761	0.168401234	0.146494636	0.156780674	0.133715382
18S_TGP_3_7	0.155057245	0.203385261	0.209185369	0.16306375	0.256003896	0.215769391	0.203220122	0.149615261	0.17838524	0.150195162	0.156622753	0.116428014	0.155130665	0.132800368	0.150525676	0.154536686	0.165417928	0.164816936	0.165113506	0.1910666	0.143742255	0.144087621	0.166264919	0.206825334	0.130698446	0.163083596	0.106137601	0.263359886	0.176598844	0.219571296	0.22439563	0.206886366	0.322164499	0.221794744	0.215862519	0.187729608	0.223201995	0.165962753	0.238481162	0.195761898	0.178420037	0.168573951	0.276384961	0.188293204	0.150147981	0.225750134	0.208526208	0.196754874	0.235839316	0.242857604	0.198256224	0.199093855	0.17105648	0.26671039	0.159045927	0.136158577	0.15492172	0.18127347	0.158860929	0.221729985	0.172559867	0.15876991	0.171163321	0.165365837	0.106962624	0.108732964	0.211456468	0.191734	0.113266156	0.15317838	0.123012149	0.133347704	0.157556386	0.216895636	0.173537984	0.249216059	0.257313582	0.189632157	0.121810055	0.170843976	0.170776407	0.167861328	0.234231102	0.126203779	0.198320531	0.152231863	0.116739089	0.140296902	0.142328237	0.227999716	0.179085522	0.182297325	0.207328952	0.140912953	0.17801624	0.171902955	0.215493198	0.320341618	0.216280359	0.308902922	0.450587735	0.219531648	0.394340753	0.353736811	0.201401478	0.361228986	0.194609426	0.263183748	0.340257126	0.354883364	0.242209056	0.32428594	0.236551543	0.203908925	0.195063199	0.157647962	0.172276619	0.168532124	0.178220197	0.154851523	0.182387621	0.168800216	0.142616696	0.200851096	0.227141432	0.222815846	0.205765145	0.172020847	0.243159836	0.116328506	0.152598287	0.166160539	0.139099962	0.164812446	0.173004593	0.104738208	0.156076964	0.188403877	0.127536745	0.10188186	0.155448305	0.128959124	0.100372635	0.128057351	0.137270742	0.158616413	0.166740689	0.143241848	0.125697232	0.16943133	0.148527772	0.141130862	0.11162328	0.119656109	0.088991198	0.101242266	0.091560727	0.138057043	0.155089591	0.235103299	0.148455476	0.179922592	0.174612737	0.167817618	0.168787868	0.160561197	0.190199845	0.170101052	0.126304421	0.085813463	0.156429207	0.094868575	0.052769225	0.033066319	0.095047728	0	0.078834719	0.102084591	0.11234502	0.179879752	0.164550589	0.151182101	0.174203815	0.14133782	0.204530733	0.141927413	0.1569725	0.123929571	0.199144519	0.164179443	0.189737283	0.199609768	0.20104816	0.214902521	0.227500078	0.19029428	0.184789672	0.219822835	0.217864528	0.181184312	0.341935451	0.191112043	0.349875459	0.197108329	0.274731049	0.217388879	0.179969266	0.227513711	0.153401812	0.16282908	0.17427342	0.275782045	0.201119965	0.12922592	0.310851441	0.218702942	0.188031245	0.18539841	0.139145691	0.147737727	0.155924706	0.236287631	0.149906327	0.191976996	0.190571881	0.144126865	0.175641902	0.187566715	0.144500325	0.179101918	0.135370735	0.160988419	0.160062225	0.132708424	0.159337939	0.121149914
18S_TGP_3_8	0.169881591	0.214486732	0.216610513	0.180331662	0.261245814	0.221057644	0.218750533	0.156139581	0.179773821	0.176307269	0.181735816	0.157177909	0.157556473	0.159790356	0.17645018	0.179171488	0.188613795	0.181055957	0.183377449	0.169052987	0.167580091	0.138233599	0.174188873	0.213927443	0.157775894	0.171303167	0.123922984	0.270738113	0.197421598	0.234244154	0.236631804	0.217392217	0.315494899	0.235393538	0.23138142	0.196464728	0.217690473	0.175284485	0.242158111	0.204746322	0.203051061	0.198292844	0.280482982	0.205916338	0.176227144	0.235710874	0.220868795	0.208480329	0.240959785	0.24753796	0.207253492	0.213968125	0.172184945	0.265701118	0.175042258	0.152267861	0.176538778	0.181083719	0.18947615	0.227779113	0.199145479	0.183603496	0.196306236	0.193234539	0.120943522	0.106195707	0.227371441	0.163218865	0.11557787	0.152422925	0.120423129	0.154733165	0.174396838	0.22145892	0.198899802	0.244059614	0.25050657	0.200972304	0.149356443	0.178946001	0.181104334	0.177624792	0.225962599	0.144339828	0.206099077	0.139887776	0.112224792	0.162942113	0.151202989	0.231396627	0.199897802	0.192277791	0.202622878	0.165067686	0.203476438	0.173939109	0.215726091	0.318440014	0.217527944	0.31409826	0.449302077	0.222703221	0.387233783	0.346733987	0.192201487	0.355984161	0.187523581	0.261181701	0.332391889	0.348856223	0.237386548	0.328432957	0.226592823	0.218286689	0.217440907	0.194187936	0.19648101	0.189563147	0.207050372	0.190728142	0.206895754	0.199395456	0.171636641	0.209544538	0.230326052	0.224222757	0.21515894	0.18623379	0.238659588	0.139901551	0.159762909	0.172883867	0.163124676	0.165432873	0.171834537	0.123976354	0.169406622	0.193955504	0.120736267	0.128390677	0.165415321	0.141527469	0.103889402	0.135632664	0.142087192	0.159287932	0.166782297	0.145236136	0.138935386	0.199359757	0.184298464	0.157728326	0.088651759	0.113137505	0.102367371	0.141323672	0.126425785	0.163779486	0.172581898	0.230946415	0.154448949	0.176035123	0.171970376	0.173897816	0.166604442	0.172137655	0.201514757	0.159066025	0.144590539	0.064542836	0.156579311	0.122057479	0.068315269	0.093499567	0.114271046	0.078834719	0	0.082853078	0.12219592	0.154435715	0.172427258	0.159291761	0.16713575	0.138246009	0.190279206	0.144513446	0.165776347	0.137546295	0.200205146	0.159322424	0.181562129	0.184009328	0.199901618	0.181759196	0.208124541	0.179588633	0.182808512	0.217344024	0.200013145	0.190265523	0.339061111	0.15349592	0.364970483	0.202096894	0.285049633	0.213096986	0.178955089	0.226614176	0.134136012	0.172485619	0.152708687	0.270844753	0.175648272	0.124841678	0.311462209	0.212240884	0.157662433	0.191120284	0.138930633	0.164161788	0.167729968	0.229401771	0.168869673	0.195985493	0.190621784	0.165501297	0.194808163	0.20218736	0.149517509	0.189828111	0.171202288	0.181622602	0.172177042	0.158822218	0.169819992	0.113749881
18S_TGP_3_9	0.182984709	0.241260255	0.249373711	0.201221896	0.271379489	0.252266516	0.250965822	0.188084746	0.184493468	0.201823228	0.199686921	0.171922552	0.188914944	0.159876727	0.159528838	0.163540591	0.21315587	0.168267592	0.192028751	0.195853419	0.163708211	0.16834536	0.20874012	0.256991769	0.16192113	0.190779422	0.127550397	0.290732488	0.21040738	0.219618278	0.230603732	0.249367707	0.358019542	0.22204172	0.24754989	0.220674124	0.257724465	0.208318777	0.270212579	0.22772107	0.20626984	0.181048502	0.314855113	0.204868217	0.17968937	0.22913498	0.216878939	0.232288018	0.262963867	0.261620666	0.202008819	0.235822355	0.205071094	0.298813131	0.194147947	0.171632495	0.201731419	0.215440178	0.206412365	0.263244123	0.222930041	0.20695846	0.217188636	0.206504328	0.104522025	0.114603763	0.238926231	0.175371749	0.110099688	0.148951503	0.087099469	0.138971851	0.167776577	0.255998141	0.179911504	0.282281519	0.289441604	0.202403369	0.146006739	0.196325545	0.17242281	0.199939792	0.266387299	0.155750767	0.234015341	0.169154393	0.158653752	0.163305582	0.151100909	0.231056332	0.191348109	0.189896868	0.250645698	0.147966216	0.203641247	0.214269809	0.245008216	0.361878266	0.251171034	0.346548761	0.484911346	0.252857976	0.427732339	0.389888446	0.238640575	0.392288367	0.232191608	0.303496479	0.376815674	0.393227571	0.276539465	0.359710598	0.265115868	0.247142777	0.235444804	0.203003793	0.198479879	0.202015063	0.217749653	0.199590519	0.232746365	0.17748354	0.18680927	0.234309854	0.249817275	0.26029358	0.237354123	0.204498896	0.27872708	0.131433319	0.183683463	0.172045823	0.157909848	0.177699253	0.206154967	0.149646154	0.177101892	0.204997733	0.159274942	0.139890213	0.201461256	0.167832957	0.108820238	0.174433928	0.167138516	0.179743635	0.200109889	0.167459875	0.12749911	0.170386549	0.165255661	0.181408211	0.04647516	0.071499411	0.104400744	0.118685816	0.114068149	0.141100998	0.180088507	0.269397958	0.18598986	0.229077183	0.214420395	0.178882818	0.212731309	0.201353741	0.226129868	0.208110928	0.166561206	0.096051605	0.157210291	0.125110192	0.084740542	0.105076577	0.118825413	0.102084591	0.082853078	0	0.160818912	0.199891546	0.202563456	0.192425203	0.208578863	0.163402466	0.231328169	0.173802101	0.181527475	0.161730691	0.218932816	0.1900498	0.222383148	0.21977666	0.225384434	0.236418659	0.2552909	0.217873867	0.220921619	0.243741963	0.224738776	0.166455433	0.388208089	0.170036998	0.357028352	0.186851066	0.3052716	0.220514272	0.219526996	0.266465775	0.169659483	0.195537826	0.155811874	0.305818691	0.180946152	0.143521083	0.352460169	0.258825064	0.165648133	0.229335155	0.16898737	0.156844567	0.199401691	0.274109525	0.163468242	0.23258918	0.222459234	0.195452643	0.208172598	0.226759714	0.145204468	0.197379144	0.167211844	0.209038794	0.198918911	0.180789354	0.19434411	0.117144112
18S_TGP_4_1	0.114730194	0.137316624	0.156873941	0.133133788	0.236330824	0.153493746	0.141203298	0.081776922	0.177313792	0.098093066	0.10486465	0.102600489	0.136894226	0.113359462	0.130216991	0.116717571	0.098527632	0.145311067	0.111789547	0.152517769	0.113084642	0.108875185	0.095545149	0.151491145	0.106352233	0.118246599	0.108999827	0.209702959	0.155109856	0.194064235	0.191746605	0.143264423	0.271447363	0.184281974	0.170192503	0.141374628	0.145938399	0.108382015	0.183098375	0.156047842	0.145719077	0.14047174	0.239998384	0.17070732	0.123873623	0.192693479	0.171563284	0.1638117	0.195133599	0.210218992	0.172559256	0.174196952	0.13059784	0.232984094	0.119561843	0.090753039	0.110967189	0.110870801	0.113987486	0.155895147	0.124261835	0.120668501	0.119167839	0.129127501	0.166661472	0.173583879	0.207270134	0.228244041	0.172098053	0.193913388	0.191762832	0.163470516	0.181345906	0.202799244	0.160820792	0.188648839	0.21535212	0.148328183	0.109766722	0.146753737	0.130582559	0.11018703	0.170520202	0.11586059	0.172448181	0.150071605	0.090036417	0.129487828	0.126051646	0.20571096	0.174192623	0.144217527	0.169679192	0.132906102	0.169876171	0.117590576	0.168125753	0.265383976	0.212038043	0.287743977	0.419850023	0.184035905	0.342372604	0.305180034	0.139332131	0.317724053	0.140564908	0.214609434	0.286806106	0.315837524	0.178566453	0.293916262	0.189330914	0.15763759	0.146052767	0.136293651	0.139446717	0.145556807	0.163329326	0.12349302	0.140602671	0.133373453	0.088743796	0.158652415	0.19264552	0.176005833	0.171642149	0.135947252	0.178225869	0.12667369	0.096154179	0.140855295	0.113041892	0.116551238	0.111419776	0.115747602	0.116355368	0.151288235	0.116273004	0.110518412	0.125865218	0.091354682	0.097408259	0.126710361	0.136736991	0.12164142	0.132911001	0.112067639	0.117122124	0.176286267	0.160243125	0.132833382	0.16843023	0.181194933	0.143748955	0.102846381	0.152429053	0.157248505	0.125713517	0.192499807	0.116969954	0.118203263	0.123496968	0.108181738	0.135126392	0.113722481	0.136669142	0.10197047	0.141015589	0.110015476	0.185023036	0.126784042	0.134432262	0.110756112	0.115087058	0.11234502	0.12219592	0.160818912	0	0.104710486	0.106597449	0.105831588	0.11167921	0.136455822	0.108788596	0.062748682	0.117067806	0.062048008	0.165506187	0.128913399	0.138335282	0.139011845	0.154993393	0.14475497	0.165015095	0.135887367	0.136875993	0.176729058	0.216012464	0.214012668	0.316993471	0.207055471	0.349621532	0.231418214	0.269805159	0.244354607	0.163680365	0.219260631	0.156623684	0.167045334	0.207685053	0.228831504	0.230821333	0.165153716	0.283209366	0.187286359	0.208833453	0.125104149	0.112978789	0.110874092	0.113304067	0.176233022	0.128049247	0.129442757	0.148170404	0.097262394	0.126662713	0.115821319	0.139677835	0.122088346	0.107361543	0.11232792	0.107556723	0.119779272	0.089669007	0.103534826
18S_TGP_4_10	0.122437556	0.143100836	0.143779309	0.130581532	0.213453918	0.156681417	0.147710267	0.134781473	0.198473044	0.116021835	0.135098551	0.131948787	0.144313207	0.127623349	0.153237423	0.153669386	0.122902531	0.132369226	0.132730192	0.172071449	0.146211525	0.148747921	0.101868726	0.159591837	0.13676593	0.154441899	0.162781595	0.215700299	0.140709466	0.192160307	0.183499734	0.148424619	0.266746525	0.195373437	0.181534103	0.127987187	0.137862501	0.138242949	0.185445626	0.155446181	0.145939261	0.120269497	0.236113466	0.164868298	0.127915528	0.161678209	0.148921149	0.11081576	0.190795884	0.177461077	0.159298127	0.17095383	0.136218202	0.203684216	0.140034932	0.1196314	0.127347373	0.130851765	0.145292844	0.183263641	0.1398448	0.135152137	0.144750375	0.13083377	0.199347806	0.199807031	0.206556701	0.260119339	0.204512883	0.226836294	0.227639277	0.194328811	0.209833697	0.214420936	0.16365591	0.174951479	0.179218001	0.127668708	0.114490841	0.163567759	0.134895371	0.135495344	0.165986759	0.123041572	0.189307274	0.150502438	0.120983795	0.110574005	0.146021324	0.184390908	0.163923512	0.1431124	0.15479861	0.16123812	0.174439586	0.128924513	0.165255259	0.276495562	0.203088601	0.281061417	0.427126021	0.196889115	0.333575475	0.294398064	0.124843806	0.302080142	0.137740461	0.213084204	0.272079268	0.308136592	0.175843458	0.308026467	0.177074775	0.147086489	0.123781937	0.141989524	0.1244611	0.128810438	0.161977742	0.146572271	0.132354181	0.128564605	0.103740226	0.143477199	0.185608421	0.137099337	0.151080333	0.137289931	0.171405953	0.156358948	0.108159326	0.145926267	0.141891567	0.1141425	0.119847606	0.130077924	0.148825108	0.137765932	0.159615069	0.126531002	0.141345692	0.1242031	0.125797491	0.110539734	0.131943151	0.121886803	0.137152688	0.105661539	0.134854786	0.168988636	0.182668647	0.143637514	0.196762572	0.215410218	0.190372115	0.153587769	0.198055895	0.174517828	0.134007343	0.187483645	0.118542217	0.126924704	0.091968884	0.132733163	0.147943317	0.110471675	0.130206739	0.088989094	0.162441955	0.154502048	0.227338013	0.175289606	0.184805519	0.173742782	0.164819821	0.179879752	0.154435715	0.199891546	0.104710486	0	0.078438262	0.085569238	0.12996482	0.119121234	0.102730125	0.100362148	0.075275163	0.098209878	0.193854012	0.138414867	0.131168574	0.137748878	0.16485906	0.120129145	0.167332183	0.138487613	0.147305891	0.189708712	0.233891098	0.241625495	0.315795149	0.239759021	0.357741739	0.251740599	0.285231605	0.25697761	0.170455623	0.217072736	0.153843731	0.171859004	0.238362329	0.209137666	0.272021201	0.179032104	0.25467503	0.202036276	0.249048479	0.14216026	0.155550776	0.131861674	0.113372819	0.188177741	0.125611183	0.149119793	0.156402681	0.117458712	0.150224606	0.153926949	0.17531373	0.132682641	0.130868655	0.137397027	0.086595518	0.160637676	0.129974431	0.159362417
18S_TGP_4_2	0.126418936	0.133304013	0.153896043	0.124106455	0.215923667	0.154769356	0.159058255	0.123404047	0.189063184	0.124214683	0.110652508	0.135797008	0.13498197	0.115488484	0.150841891	0.154494981	0.100213909	0.133377753	0.138924975	0.182826358	0.155226881	0.150093256	0.103302761	0.122267295	0.133632518	0.169090554	0.160057615	0.231998719	0.13969635	0.193226199	0.194969296	0.124715848	0.267302474	0.195597094	0.196935076	0.139433894	0.138045782	0.125249132	0.197160951	0.175023711	0.15409666	0.112186641	0.228472495	0.151034711	0.124078805	0.174516447	0.165748988	0.119043499	0.199639879	0.192633055	0.148328316	0.160029472	0.141113367	0.199795929	0.124972887	0.104987082	0.111283096	0.147256855	0.118254747	0.166599804	0.13788595	0.114160986	0.128112196	0.13839427	0.194498685	0.207003201	0.21194224	0.262097545	0.201588404	0.230569344	0.220206442	0.195860326	0.213344231	0.233993757	0.17554767	0.173997696	0.173243696	0.14341412	0.143826333	0.156381409	0.137751633	0.151241447	0.172364109	0.129306374	0.18835711	0.152045699	0.12499046	0.104462059	0.144470712	0.189426249	0.155852025	0.156294323	0.166630026	0.157054029	0.162935922	0.144800405	0.166261207	0.266048776	0.210863362	0.289689931	0.42236325	0.202951551	0.336543527	0.290114729	0.125915493	0.300668141	0.139345745	0.21276368	0.268307917	0.310999693	0.17029277	0.30228681	0.174504366	0.141252961	0.131886824	0.131534363	0.119201357	0.11948279	0.148212626	0.13977669	0.136802723	0.14137015	0.104022435	0.13023778	0.186420217	0.120102624	0.135079359	0.137919181	0.167625032	0.152186891	0.126978547	0.154249579	0.132835985	0.129686438	0.114206187	0.119481623	0.153137377	0.136931101	0.166116084	0.130310844	0.139405787	0.123655444	0.131593053	0.108039492	0.136263563	0.134086981	0.148440522	0.120244522	0.135203497	0.169112254	0.189177272	0.138266237	0.210092002	0.22159986	0.187441276	0.144545087	0.189296887	0.182123725	0.128160207	0.192557772	0.11893152	0.145047523	0.084203795	0.14932427	0.162127676	0.136121732	0.142173881	0.108840767	0.162534953	0.156266419	0.220342811	0.175942738	0.181723963	0.166228013	0.180825833	0.164550589	0.172427258	0.202563456	0.106597449	0.078438262	0	0.05294921	0.121489141	0.112012325	0.139536593	0.121386236	0.094877743	0.118634353	0.183419372	0.135897102	0.125575016	0.154382354	0.153069287	0.162194369	0.182821443	0.147017744	0.163689981	0.198632834	0.239455832	0.235479725	0.312923827	0.238706642	0.369540053	0.253782747	0.288481484	0.26876437	0.183311458	0.229435432	0.193404438	0.170656489	0.242559213	0.213660983	0.262364811	0.174328877	0.253340478	0.203519335	0.245266082	0.139057635	0.138981021	0.143731466	0.119440317	0.200630832	0.12042944	0.124292474	0.173749791	0.1157337	0.139654268	0.123725151	0.170986298	0.137307806	0.134142525	0.116128153	0.094807585	0.15776722	0.10324131	0.15465144
18S_TGP_4_3	0.127989391	0.14095456	0.162705462	0.13295004	0.230498544	0.165390382	0.173507027	0.120050406	0.182461212	0.128016934	0.126733152	0.133089187	0.129533851	0.116992447	0.148111901	0.155550945	0.117357433	0.124690562	0.157145389	0.176580703	0.145218653	0.150831475	0.116989767	0.146488839	0.123065537	0.162434886	0.159873189	0.248347472	0.148595049	0.208071816	0.209724838	0.148286041	0.275671786	0.205465394	0.211956742	0.153752896	0.154778154	0.123842079	0.213236971	0.170799313	0.17255826	0.128037493	0.247797841	0.16863331	0.13490008	0.187682401	0.181017879	0.142083439	0.210798213	0.208980795	0.163725438	0.176906298	0.132142459	0.217441815	0.140853359	0.122644326	0.107606012	0.138257845	0.134115135	0.18945103	0.148320461	0.126742703	0.151435588	0.134245991	0.186687665	0.186744744	0.207755325	0.252672649	0.192207827	0.220872273	0.20175333	0.173568143	0.203016259	0.219083708	0.17101567	0.191150987	0.193207657	0.147742289	0.122642902	0.143543969	0.135926898	0.140814017	0.162447851	0.116218788	0.190271996	0.145239447	0.116691898	0.095431764	0.134711175	0.192419669	0.166359936	0.170106121	0.166526955	0.134747816	0.17364229	0.142537978	0.172762283	0.280345366	0.200724676	0.303619211	0.439509566	0.200638301	0.350281255	0.299736648	0.129875117	0.312641674	0.150885657	0.218842481	0.276035409	0.319455321	0.178752725	0.309205004	0.187193236	0.158200051	0.146594314	0.147173562	0.143889564	0.137126129	0.16784879	0.156767332	0.148153929	0.157304325	0.123704725	0.151456803	0.195583977	0.142344085	0.147570193	0.155336154	0.187096592	0.132608615	0.115109427	0.13492052	0.104634326	0.128513197	0.111639449	0.099887162	0.140002348	0.143457964	0.150888902	0.107674039	0.144122515	0.108541613	0.120764839	0.090088994	0.126718762	0.134034217	0.134390619	0.101434056	0.114286991	0.164058894	0.174010742	0.131802102	0.193226903	0.205543648	0.177399841	0.13579392	0.175952753	0.167506878	0.142209107	0.192025564	0.107342888	0.147740947	0.080308671	0.140492385	0.147913776	0.113609256	0.149847829	0.099039541	0.152028196	0.147434074	0.209965211	0.16425505	0.1657121	0.152250333	0.180622312	0.151182101	0.159291761	0.192425203	0.105831588	0.085569238	0.05294921	0	0.117437196	0.104891696	0.153102068	0.113451028	0.094490235	0.107968623	0.198668392	0.135072976	0.126612085	0.167725672	0.159300329	0.171357712	0.187601888	0.155687444	0.154067991	0.205745481	0.230770819	0.228255971	0.307506132	0.230352309	0.367581796	0.24691933	0.283216866	0.262891048	0.168465619	0.222429399	0.174606158	0.159209879	0.222511636	0.217183454	0.253950094	0.160632603	0.27210219	0.196091699	0.232661175	0.147693097	0.124184829	0.13747424	0.126544843	0.213979624	0.129774682	0.132641776	0.178952035	0.130212385	0.150270096	0.144172408	0.167280031	0.155289834	0.139778177	0.126208764	0.088357334	0.148333973	0.12075671	0.142422759
18S_TGP_4_4	0.151784316	0.186961969	0.180473394	0.189059008	0.212329591	0.177720946	0.196183	0.102776272	0.212862171	0.169013639	0.172399613	0.162972042	0.139586084	0.146482778	0.173247353	0.143918506	0.163750404	0.15804653	0.134444587	0.145029107	0.151005637	0.148742884	0.145274791	0.167454702	0.165414363	0.133513599	0.153647453	0.210515441	0.181660884	0.219087591	0.218040147	0.18311206	0.239003226	0.207363127	0.169211309	0.155368305	0.138961811	0.144038087	0.144421182	0.179071403	0.196926997	0.17718841	0.220857211	0.179278572	0.168572082	0.200067058	0.192714719	0.175178419	0.179296021	0.186069916	0.170002137	0.189022039	0.135300318	0.220578793	0.185124956	0.156154776	0.168176789	0.158813322	0.178585788	0.182573253	0.189082098	0.174625774	0.180175953	0.185149665	0.194536416	0.206834919	0.21850019	0.240650416	0.199071509	0.208406193	0.225132423	0.196363165	0.202412427	0.182050418	0.202105517	0.158734501	0.189327665	0.163689883	0.152290044	0.137079029	0.134619815	0.132640135	0.145856935	0.131297423	0.114772534	0.135216529	0.112599573	0.126119358	0.117466198	0.1680233	0.176252156	0.150169704	0.125730827	0.16602174	0.189953565	0.097356283	0.137776854	0.202499867	0.163968004	0.278219484	0.406009059	0.148055183	0.322685747	0.273009832	0.106282442	0.280245275	0.113053002	0.207624739	0.266052503	0.296126065	0.154070901	0.277840451	0.175778769	0.192838624	0.187989494	0.193077498	0.172232764	0.167930483	0.191634945	0.184561131	0.189903775	0.192227466	0.137844614	0.166653829	0.12697674	0.169341852	0.183936172	0.159460572	0.162350033	0.148358748	0.1176225	0.145538975	0.143483872	0.104759744	0.106650478	0.123433821	0.107966008	0.136658007	0.091578772	0.13648535	0.084088956	0.126961888	0.126854539	0.118133429	0.139621254	0.099888126	0.138887174	0.124296926	0.13057086	0.195497944	0.205915777	0.159376348	0.21147528	0.216869384	0.196602451	0.16747396	0.191791515	0.189143307	0.160328304	0.117870759	0.120581417	0.112940454	0.099422623	0.112809591	0.085413331	0.154771671	0.180356184	0.101001784	0.179913132	0.168362814	0.224975073	0.189730946	0.192383765	0.174583881	0.179414019	0.174203815	0.16713575	0.208578863	0.11167921	0.12996482	0.121489141	0.117437196	0	0.130042053	0.119862444	0.141158279	0.142265939	0.134887761	0.13242005	0.09747951	0.105618796	0.110200267	0.116195368	0.130849626	0.127127948	0.115683912	0.093006657	0.139123869	0.211630807	0.235838917	0.280801853	0.197738528	0.336873392	0.245588904	0.25807309	0.230509222	0.152061581	0.186529996	0.178152228	0.179327781	0.236950674	0.212554701	0.251147968	0.188140095	0.257876547	0.165538649	0.225554495	0.160157027	0.159903049	0.170063196	0.1685241	0.172575945	0.150180407	0.153976531	0.118283856	0.166382371	0.166472172	0.170756305	0.181706062	0.139382122	0.169349491	0.16993957	0.125653053	0.1728238	0.125658119	0.14551219
18S_TGP_4_5	0.133322327	0.179400662	0.177221005	0.176414705	0.233734828	0.187416886	0.194664151	0.148926349	0.144309105	0.15942042	0.166585582	0.153715782	0.083637829	0.129852744	0.162303919	0.155679234	0.174635651	0.131128879	0.173817858	0.113945335	0.148888551	0.096558949	0.144343622	0.187687895	0.139761428	0.122917382	0.135682792	0.258737759	0.164110475	0.20159133	0.204457766	0.182101285	0.285038525	0.207385866	0.218200097	0.15739768	0.174016723	0.144522368	0.213498015	0.141068297	0.185532978	0.160113204	0.250737615	0.172619758	0.154494159	0.188401757	0.181097265	0.14975425	0.217698631	0.201673552	0.160345707	0.179509506	0.137516495	0.221316501	0.186889451	0.1555096	0.16987618	0.137854503	0.188549325	0.222918485	0.186747248	0.177938463	0.187830133	0.177143939	0.145164411	0.135260371	0.197737332	0.206363179	0.141224562	0.142507207	0.172844198	0.156381203	0.173539528	0.190237112	0.17302528	0.209339525	0.201767963	0.148878843	0.125850152	0.160232898	0.145696393	0.148497462	0.179171661	0.105088923	0.191324927	0.086889293	0.103014485	0.107317498	0.133242695	0.18805032	0.166568924	0.173614021	0.16505352	0.156689637	0.188870846	0.163359837	0.183440237	0.298158485	0.185689273	0.308560335	0.447461475	0.210610748	0.362037591	0.3188505	0.163801042	0.326844914	0.167462035	0.24753136	0.305602123	0.330765687	0.216123647	0.322634114	0.21056604	0.185227926	0.181036836	0.177605281	0.154104454	0.150640952	0.179463416	0.176279033	0.178369363	0.178950965	0.142112307	0.164291618	0.200870736	0.164745664	0.160114702	0.157065678	0.202946782	0.132754105	0.127863556	0.142665178	0.138862117	0.143430461	0.130614757	0.112444014	0.148147008	0.157310898	0.10984349	0.116034755	0.16088629	0.113022185	0.110357384	0.06831197	0.070083843	0.13380827	0.124020432	0.121941463	0.103372398	0.176115825	0.185825204	0.13990948	0.15786701	0.15100639	0.121545786	0.147085111	0.160415065	0.130344982	0.155633853	0.197530023	0.115276303	0.155965394	0.118091188	0.146037785	0.120510914	0.139950116	0.176421426	0.123113181	0.107325046	0.130588249	0.160039155	0.114254199	0.13594753	0.138697572	0.15828278	0.14133782	0.138246009	0.163402466	0.136455822	0.119121234	0.112012325	0.104891696	0.130042053	0	0.177098967	0.148118328	0.119517644	0.134232062	0.212809367	0.147366279	0.162124552	0.185786633	0.185735347	0.195075437	0.210451287	0.171718442	0.16068828	0.217940311	0.191532308	0.163189447	0.306890069	0.196893654	0.351883019	0.171244892	0.287837299	0.183269286	0.142061212	0.189382397	0.137413404	0.114986057	0.185874941	0.232495549	0.223634181	0.144759873	0.279626307	0.199629604	0.180594893	0.178188416	0.101421625	0.156294875	0.156481223	0.227503785	0.131639677	0.165756771	0.182478089	0.158139708	0.179084921	0.190612974	0.116051832	0.161304063	0.159541116	0.159309674	0.098385521	0.120039455	0.148602767	0.122714829
18S_TGP_4_6	0.136007251	0.151901791	0.160644355	0.132710534	0.213860891	0.156841855	0.129143129	0.111630797	0.2299258	0.127301272	0.138916207	0.151368346	0.174286293	0.157166871	0.170753309	0.134676048	0.120268163	0.168633713	0.099056838	0.157736389	0.139483213	0.150457818	0.111168386	0.157260285	0.16927499	0.127165256	0.162049277	0.175938992	0.149264375	0.177648585	0.167715719	0.139275947	0.215192552	0.162585317	0.128418588	0.106830659	0.132697762	0.135232788	0.142798967	0.168787092	0.140135516	0.142058312	0.21373174	0.16268593	0.139607689	0.17148652	0.143583774	0.143495391	0.164102997	0.173347375	0.166404086	0.164315434	0.151234131	0.20444287	0.144983221	0.131045909	0.144342026	0.138635015	0.154640374	0.160308	0.137880276	0.136506103	0.129362309	0.139064862	0.216595483	0.231550622	0.220558419	0.266657601	0.218219143	0.240599897	0.248156474	0.215602731	0.221115435	0.203033852	0.182361082	0.14279539	0.186559466	0.138454541	0.136043927	0.156818765	0.130166646	0.122097057	0.180751655	0.139914111	0.134749484	0.176072013	0.137557662	0.156100748	0.152485094	0.190903538	0.154668226	0.121959414	0.145434459	0.17554098	0.162935174	0.100318557	0.171509647	0.22705671	0.219179012	0.251656555	0.404605376	0.160513366	0.305536972	0.26335752	0.112707956	0.279738575	0.096957808	0.171547242	0.241484471	0.274118148	0.140117004	0.268829954	0.167081333	0.147657508	0.1316246	0.144342738	0.13835144	0.145823134	0.163396647	0.136771349	0.142711036	0.121707475	0.092760011	0.144655107	0.136207875	0.161714607	0.152194924	0.122063152	0.147156974	0.172414878	0.111269496	0.13984895	0.14955469	0.098879822	0.127751015	0.159068284	0.115414297	0.142419457	0.138373849	0.155366213	0.107235204	0.127469618	0.149043762	0.17396088	0.154660834	0.11055917	0.157362957	0.145473796	0.162043772	0.210725278	0.208275128	0.189804177	0.231110956	0.247234854	0.220752484	0.181257557	0.224441888	0.208892969	0.116988609	0.155515187	0.127664245	0.112098932	0.121916576	0.093246267	0.125608373	0.130831399	0.114474388	0.093400603	0.198966062	0.183148976	0.264034735	0.207084816	0.216230484	0.205058139	0.186745848	0.204530733	0.190279206	0.231328169	0.108788596	0.102730125	0.139536593	0.153102068	0.119862444	0.177098967	0	0.114590971	0.124914941	0.113621587	0.151969382	0.128895069	0.116749126	0.111972853	0.114239794	0.078806159	0.118349143	0.104373248	0.106086736	0.142260326	0.245182329	0.265426571	0.327538221	0.247454534	0.352155596	0.271098722	0.282388916	0.265958057	0.183570153	0.211482601	0.176045832	0.219006436	0.270109763	0.236726799	0.284984153	0.227140449	0.259551738	0.205651509	0.258124949	0.105976828	0.175624462	0.144781839	0.112323787	0.147948439	0.130780488	0.136245715	0.115873605	0.123510878	0.125456834	0.128226427	0.195285245	0.10887079	0.138224968	0.138942032	0.13701337	0.178714666	0.119456783	0.170537457
18S_TGP_4_7	0.1156942	0.138450277	0.168528493	0.141569145	0.243645896	0.153413429	0.146148938	0.103312412	0.18993309	0.103284695	0.125100939	0.128548244	0.157851909	0.135346748	0.147500581	0.144708978	0.113545367	0.161272903	0.125438214	0.175506796	0.10765176	0.13418852	0.112273142	0.168203192	0.11987759	0.142722947	0.124770019	0.223009315	0.158333281	0.20104765	0.197195711	0.150808455	0.284308218	0.200167029	0.146146917	0.144555759	0.167694826	0.124387284	0.208649023	0.17107512	0.126481916	0.144873369	0.255692981	0.177729369	0.128783169	0.20009217	0.172143127	0.165057114	0.211967051	0.217736854	0.192204115	0.184948542	0.134937736	0.241273936	0.128626438	0.112972497	0.114451032	0.13070856	0.127094928	0.172299682	0.114799108	0.132036454	0.134380685	0.123570833	0.173506279	0.181564098	0.215530294	0.23467925	0.178766062	0.205350561	0.200821335	0.175691501	0.188890523	0.214648266	0.170001806	0.209964712	0.222403555	0.156736248	0.098375235	0.15938311	0.156824991	0.125588473	0.194708875	0.12448733	0.197021842	0.164986791	0.101210244	0.145866586	0.143685672	0.219035288	0.179667943	0.154739225	0.18138961	0.139219604	0.175935301	0.130697352	0.189319654	0.289495396	0.226139917	0.292112235	0.434633315	0.203234423	0.353109394	0.316456845	0.152732969	0.333268145	0.155739473	0.217526511	0.296542877	0.322075012	0.187562231	0.31579329	0.197068832	0.161058639	0.139723244	0.140975756	0.148956149	0.15299944	0.17701066	0.143584072	0.151902137	0.117069635	0.10655006	0.171477886	0.21372718	0.189700945	0.181630034	0.146300441	0.18960889	0.146510292	0.122997982	0.157149744	0.133927358	0.139217089	0.132171832	0.137418774	0.140548412	0.177597337	0.144830279	0.122941606	0.161244479	0.113164622	0.109938816	0.140388949	0.149939548	0.146545055	0.149629859	0.12850065	0.136564314	0.182206783	0.167719127	0.153107413	0.178002166	0.192056658	0.161728446	0.123372751	0.164845148	0.165173502	0.147109889	0.21617412	0.134703528	0.140656241	0.147155744	0.137069938	0.163052091	0.074431926	0.129108951	0.12216321	0.165541647	0.132285428	0.196517903	0.151422358	0.155203503	0.140173621	0.139796105	0.141927413	0.144513446	0.173802101	0.062748682	0.100362148	0.121386236	0.113451028	0.141158279	0.148118328	0.114590971	0	0.125444141	0.047864566	0.195763575	0.154017933	0.162928346	0.164901904	0.169527497	0.153244578	0.188592632	0.159551217	0.16151233	0.198368575	0.225403662	0.235016886	0.330122225	0.212525239	0.362874838	0.247173111	0.282622685	0.257001977	0.178162551	0.22629418	0.170199991	0.172016391	0.210524168	0.236244284	0.239636288	0.177212003	0.289633224	0.193085818	0.220499854	0.134927968	0.130231836	0.122959684	0.094976262	0.193719373	0.127904837	0.134955172	0.177681211	0.1158752	0.146233297	0.129238334	0.165437742	0.147811106	0.107012818	0.137608228	0.13014605	0.137257914	0.105575911	0.124230968
18S_TGP_4_8	0.111871893	0.145936383	0.159811639	0.120518321	0.205792971	0.172445799	0.15295702	0.138325507	0.205734481	0.115838596	0.132161368	0.115319952	0.146801805	0.11096432	0.123396997	0.13820302	0.121983511	0.098892174	0.118710887	0.181662503	0.12429522	0.160662007	0.105322708	0.165738847	0.124745404	0.149158891	0.147965619	0.210689358	0.126128745	0.163144963	0.164375071	0.154127059	0.271406454	0.160706102	0.175569779	0.120316932	0.148626072	0.133787111	0.189099324	0.157081199	0.142402621	0.099159207	0.241975808	0.147153871	0.111835595	0.145894608	0.12879389	0.101918987	0.174187808	0.166038054	0.135896949	0.162486521	0.1347988	0.204083643	0.13539996	0.120151079	0.12347836	0.146402845	0.145412787	0.193344788	0.146918098	0.129013174	0.144215787	0.109943842	0.169971079	0.179054766	0.171183257	0.259473967	0.177010269	0.216396942	0.193281621	0.166136126	0.192887294	0.221237974	0.131881121	0.17821773	0.190129797	0.10081902	0.102762996	0.146702095	0.103140775	0.130517999	0.179368604	0.109047935	0.177426966	0.163543292	0.13241038	0.078939058	0.119461571	0.170985535	0.13793009	0.124089798	0.16240651	0.129923164	0.14842359	0.124804726	0.165594132	0.282020123	0.198398141	0.280881125	0.434819705	0.187208776	0.340423982	0.29798181	0.126129842	0.300202565	0.133433793	0.209658027	0.274632742	0.311152901	0.178247518	0.293161421	0.166626946	0.143983795	0.12713049	0.127229706	0.111403621	0.115548715	0.149127811	0.125718257	0.126202321	0.106579109	0.084587042	0.1340061	0.166407118	0.138810834	0.13477145	0.116149437	0.185508174	0.110522775	0.100667533	0.117267565	0.106674455	0.098852859	0.115982015	0.099051131	0.129237085	0.114679317	0.1626672	0.09369661	0.12671276	0.128257916	0.122292724	0.109678481	0.127065565	0.11735221	0.133064464	0.096095642	0.104405255	0.132794814	0.147842321	0.131649649	0.178084353	0.199402266	0.184043554	0.129690024	0.162136643	0.14698233	0.104424575	0.176594221	0.092880845	0.126933498	0.088509433	0.111488779	0.147021225	0.115394448	0.112061027	0.092102586	0.165046594	0.176700722	0.235290229	0.175592678	0.153558308	0.155364354	0.170763051	0.1569725	0.165776347	0.181527475	0.117067806	0.075275163	0.094877743	0.094490235	0.142265939	0.119517644	0.124914941	0.125444141	0	0.105954789	0.160993538	0.107710085	0.102501924	0.118035314	0.143462149	0.125883691	0.146829966	0.136461879	0.137177554	0.160755371	0.252436296	0.222067599	0.330212632	0.254428671	0.349009055	0.245780547	0.2576721	0.260697909	0.172759852	0.236697425	0.163324554	0.179887618	0.252029434	0.235720953	0.273645448	0.182381822	0.265586621	0.216441938	0.264070308	0.125769756	0.155467656	0.099292941	0.107268546	0.177932013	0.103537664	0.156623411	0.132957216	0.110519336	0.128358783	0.15994306	0.170309849	0.100279043	0.107906561	0.126222536	0.086516456	0.167416703	0.138657335	0.142537091
18S_TGP_4_9	0.102335554	0.128592111	0.154978423	0.108817804	0.234834863	0.146995927	0.119149439	0.087987876	0.176740497	0.081280834	0.097032939	0.095471765	0.139207971	0.113825759	0.119640656	0.11953728	0.0902499	0.143103731	0.107954782	0.172932871	0.094131166	0.110450253	0.088824862	0.159864992	0.101380032	0.136455635	0.106091346	0.214866354	0.139553478	0.188900914	0.185923053	0.134567217	0.281390223	0.189834441	0.159962519	0.137421299	0.159099894	0.110146898	0.199501519	0.154987357	0.115281484	0.126497308	0.23562141	0.160631568	0.109310369	0.189923681	0.159078521	0.151107986	0.201284519	0.209378467	0.182959894	0.158752809	0.128000928	0.231378093	0.105531304	0.085909608	0.102422206	0.110062501	0.103476239	0.163872447	0.093497383	0.102975276	0.104048197	0.105410625	0.163228224	0.168571094	0.203978514	0.227091349	0.168499814	0.198432287	0.188977468	0.161552804	0.18003193	0.207187062	0.150828621	0.2033765	0.219741472	0.142341473	0.08128605	0.149587788	0.143205354	0.111512554	0.191581534	0.104217015	0.188217061	0.148559128	0.092611208	0.126610273	0.128522838	0.208777097	0.168348775	0.143485285	0.171449763	0.119835227	0.163280989	0.120767103	0.180255924	0.288070023	0.213153736	0.286747036	0.431617477	0.192409073	0.352348522	0.316019504	0.15044565	0.326204812	0.147028233	0.214067463	0.296544654	0.317328537	0.189063411	0.307784363	0.194619198	0.132821187	0.1229896	0.113242976	0.123173803	0.124395595	0.150316195	0.109045747	0.122980889	0.091265763	0.075092752	0.150588047	0.203821965	0.177368031	0.163525073	0.123273333	0.181627478	0.122773158	0.102175346	0.141847182	0.10848111	0.126964311	0.120330266	0.114109799	0.128151106	0.164929989	0.136591545	0.100321993	0.148854264	0.094962541	0.090412518	0.124309377	0.128852962	0.131798075	0.134879616	0.11004505	0.117559915	0.163839194	0.15258492	0.134474273	0.16453131	0.176522901	0.141872135	0.110259688	0.148387751	0.147986527	0.129546932	0.205197037	0.115257737	0.133501347	0.133073552	0.12461401	0.149352276	0.086362656	0.11907949	0.110482362	0.151185661	0.133951427	0.193163583	0.136871565	0.138812434	0.122894975	0.133263813	0.123929571	0.137546295	0.161730691	0.062048008	0.098209878	0.118634353	0.107968623	0.134887761	0.134232062	0.113621587	0.047864566	0.105954789	0	0.184353766	0.14233713	0.149191926	0.155842925	0.161411271	0.1507691	0.183028569	0.153693585	0.147701085	0.189518181	0.224511342	0.219314564	0.330844326	0.220570391	0.35623639	0.233953049	0.274741702	0.248481662	0.16652693	0.222615734	0.161611002	0.16537876	0.210430848	0.239345926	0.238906677	0.172518034	0.286681058	0.198733238	0.224459793	0.126753821	0.116184367	0.102223103	0.088822663	0.184407657	0.114028843	0.126673127	0.166336246	0.098948185	0.136805046	0.120801044	0.141826266	0.134988079	0.084547009	0.107244728	0.110164973	0.113329417	0.091429047	0.108100542
18S_TGP_5_1	0.186501643	0.228644192	0.218301322	0.201483959	0.223358795	0.223500156	0.219546928	0.151150276	0.253141561	0.191533743	0.17752715	0.176393587	0.199934293	0.187457279	0.173092402	0.141485197	0.194693694	0.173728991	0.140673098	0.198261681	0.170180121	0.195233405	0.188249431	0.209668589	0.188546526	0.16468489	0.186623085	0.192682456	0.2059703	0.204971566	0.216376586	0.223202628	0.250139054	0.201050263	0.166582347	0.180641168	0.184800769	0.17602903	0.1305542	0.219752464	0.189511475	0.19052958	0.236483786	0.200831775	0.172203832	0.218310788	0.206820897	0.216370302	0.176225332	0.202979326	0.186546548	0.210608675	0.192220948	0.259467222	0.188123377	0.158497605	0.188674533	0.216337085	0.189753675	0.196446903	0.208960122	0.198861959	0.188135884	0.191477989	0.205906937	0.243248629	0.224934038	0.292154781	0.223398839	0.235450661	0.241411991	0.213267404	0.227763416	0.200383718	0.184497789	0.203152401	0.240657603	0.186380062	0.185474264	0.171837223	0.141022591	0.180134785	0.213315785	0.176733264	0.115162135	0.20958131	0.189750511	0.179320825	0.152884405	0.16779933	0.189683418	0.139958168	0.153323487	0.182613115	0.193567111	0.125444777	0.16901485	0.226148053	0.216966491	0.249672057	0.389170702	0.146299806	0.326616144	0.290481905	0.16034283	0.288406577	0.109565014	0.207245786	0.278176519	0.293810528	0.184825497	0.257675159	0.184014917	0.221706758	0.227431936	0.200307474	0.19299009	0.194267612	0.209714575	0.192642096	0.217094919	0.186866904	0.157492156	0.205453664	0.116047907	0.234577506	0.212416375	0.169922608	0.190454779	0.170005594	0.159584773	0.176744097	0.174214249	0.131123803	0.175952416	0.182457566	0.135240059	0.163482099	0.149260611	0.191590206	0.114880734	0.180954084	0.168189213	0.213756904	0.200413388	0.128133353	0.194531992	0.188260356	0.170884774	0.206694093	0.198569487	0.221247341	0.22870443	0.24188327	0.228262859	0.162111882	0.198545089	0.203528655	0.163725879	0.121712529	0.170452731	0.149322899	0.153964527	0.140958462	0.154225326	0.209503869	0.197179947	0.162342429	0.23727564	0.219090729	0.271622997	0.223898338	0.188202649	0.193111765	0.200429624	0.199144519	0.200205146	0.218932816	0.165506187	0.193854012	0.183419372	0.198668392	0.13242005	0.212809367	0.151969382	0.195763575	0.160993538	0.184353766	0	0.074886281	0.108229863	0.073440663	0.075383677	0.122286462	0.078481723	0.120513153	0.092421831	0.063625229	0.257594476	0.250210129	0.323425985	0.254632116	0.304179768	0.264353877	0.223287601	0.25209114	0.214399799	0.21814001	0.197659949	0.258040553	0.292184728	0.274151443	0.303680167	0.262284478	0.300353641	0.211444049	0.275488648	0.160536404	0.204399159	0.167751553	0.180069199	0.146274469	0.163958454	0.193679525	0.106575751	0.167198987	0.153769757	0.183955016	0.21033238	0.135965798	0.172710825	0.17859973	0.187180707	0.215356065	0.16188333	0.199305536
18S_TGP_5_10	0.142881802	0.188423762	0.175599427	0.167845411	0.202209259	0.181205964	0.190024899	0.123436516	0.22421224	0.157641998	0.157742607	0.144217094	0.156760077	0.1493064	0.14276906	0.121789664	0.16348125	0.121376765	0.120306017	0.15903048	0.14859267	0.166173594	0.148528746	0.169199485	0.158023604	0.137922608	0.159448857	0.210284377	0.169680297	0.177293245	0.188104688	0.188589399	0.249636862	0.17562559	0.168102254	0.143042292	0.151272566	0.140083771	0.157220855	0.17860152	0.175964422	0.154872923	0.22664997	0.165241138	0.146797459	0.179393926	0.17082857	0.167583937	0.16884341	0.183028746	0.146183157	0.171045991	0.139512368	0.214866894	0.170680406	0.138317112	0.158824089	0.172531056	0.175443605	0.183291963	0.192013023	0.162391835	0.178475196	0.159949617	0.16883086	0.196900055	0.176771817	0.25128419	0.181488896	0.197820243	0.199354478	0.167239319	0.194244964	0.197057546	0.159104491	0.17239747	0.196140309	0.145746702	0.147738657	0.128511849	0.091537829	0.142438776	0.167569298	0.125443867	0.125854229	0.148065166	0.135483104	0.116408826	0.09401528	0.154396519	0.151381987	0.117891451	0.131654758	0.14377888	0.162207736	0.106961124	0.15350132	0.241160375	0.186708754	0.267326751	0.410087712	0.149752397	0.327560536	0.288012942	0.124120082	0.292398907	0.111117201	0.20039161	0.27568652	0.296292284	0.171489407	0.269939911	0.158037718	0.186382885	0.193121977	0.171132832	0.155637269	0.159097835	0.173345584	0.16825293	0.179390392	0.154499983	0.125126704	0.168648313	0.137254962	0.184461521	0.173026514	0.133693171	0.183568542	0.124836421	0.106962807	0.122409288	0.125360658	0.095159073	0.118796533	0.127158036	0.099784169	0.122051663	0.105524032	0.130670346	0.081188139	0.131197892	0.12889458	0.149435699	0.136672009	0.084864801	0.147457668	0.131295625	0.112493286	0.160359716	0.169304275	0.164057889	0.193183328	0.212106595	0.194546691	0.128994514	0.166478416	0.158953848	0.126581121	0.136423277	0.11926138	0.11908637	0.100474678	0.098440613	0.119638386	0.165106098	0.163155873	0.106036375	0.185863187	0.176372397	0.239485606	0.185671122	0.155334664	0.164877029	0.177261384	0.164179443	0.159322424	0.1900498	0.128913399	0.138414867	0.135897102	0.135072976	0.09747951	0.147366279	0.128895069	0.154017933	0.107710085	0.14233713	0.074886281	0	0.066619599	0.077171972	0.095917078	0.106174939	0.106712492	0.097594261	0.084566974	0.10894863	0.223732991	0.224737197	0.307458327	0.222493052	0.320293705	0.23856883	0.234898519	0.233483316	0.165425713	0.212823289	0.169572381	0.207831794	0.25714065	0.225421515	0.26667797	0.210804648	0.261806498	0.196606793	0.241303043	0.141567533	0.17187965	0.137579976	0.150795381	0.167646408	0.124216429	0.152718201	0.099831661	0.142250089	0.136274751	0.175587408	0.18654132	0.103491778	0.150835505	0.150921723	0.139859126	0.191764465	0.133177183	0.16831564
18S_TGP_5_2	0.127561713	0.153382353	0.151993296	0.132391024	0.181086396	0.154256445	0.177635245	0.125554819	0.222525296	0.155230843	0.142954496	0.153916959	0.158288309	0.143215549	0.16379202	0.13611487	0.143385738	0.120791364	0.116584819	0.144933789	0.149181635	0.168366547	0.140775194	0.150099949	0.150404917	0.143661303	0.167423626	0.197755568	0.165210093	0.176384054	0.171188662	0.165903653	0.237188051	0.17885728	0.155288013	0.123392586	0.132290759	0.124167798	0.138873952	0.159039455	0.17002248	0.121477977	0.222839292	0.171910407	0.137668755	0.159810087	0.156635269	0.148192579	0.149925124	0.152866657	0.158469603	0.176849295	0.136093849	0.200539985	0.152296267	0.129966188	0.142285876	0.167932773	0.15770106	0.159773793	0.180304817	0.148644643	0.160078715	0.12888306	0.184589858	0.200185501	0.185341746	0.256141507	0.200982027	0.221864156	0.220671714	0.185602795	0.206344847	0.19939858	0.175549595	0.145054754	0.176583215	0.131192303	0.153651303	0.143656281	0.111869208	0.140975038	0.156135001	0.128782648	0.133857019	0.163410296	0.145303916	0.130118173	0.117499578	0.162189686	0.162611697	0.113489303	0.133542082	0.168244095	0.166495198	0.104209063	0.14915715	0.231524384	0.189495241	0.255564937	0.406313843	0.150710148	0.301790436	0.274841884	0.099175048	0.269066615	0.094703443	0.181809128	0.247164332	0.278207973	0.142644928	0.270184727	0.132044564	0.159080065	0.168419922	0.147231985	0.142703605	0.136784544	0.17246004	0.165516152	0.155441618	0.149279109	0.121972632	0.15184611	0.117094235	0.163763371	0.144904602	0.11971942	0.152572973	0.156645259	0.103219923	0.122715	0.106386024	0.085932719	0.106841328	0.13706248	0.110771174	0.108941605	0.125437351	0.138189263	0.070926303	0.134356651	0.145465707	0.147813854	0.138155114	0.088912041	0.135090982	0.124914365	0.138633414	0.175433726	0.190521493	0.166161848	0.220015046	0.238213874	0.216579119	0.165692317	0.20217521	0.17852607	0.122521301	0.122720577	0.121240761	0.101591646	0.088631304	0.111506743	0.114396431	0.143754875	0.146871447	0.101371538	0.184505178	0.187364082	0.262031057	0.20575222	0.193443507	0.187983489	0.190797276	0.189737283	0.181562129	0.222383148	0.138335282	0.131168574	0.125575016	0.126612085	0.105618796	0.162124552	0.116749126	0.162928346	0.102501924	0.149191926	0.108229863	0.066619599	0	0.077152831	0.071065314	0.070251964	0.085333442	0.07947597	0.088117832	0.112277361	0.23290938	0.241083452	0.307496105	0.222768032	0.33561158	0.256458188	0.242093528	0.239301974	0.15633043	0.20029361	0.167611438	0.209298853	0.270665177	0.217128554	0.277403308	0.209003003	0.242680764	0.181559268	0.257716249	0.114590146	0.15658398	0.150158968	0.145189638	0.14582647	0.128611105	0.128085893	0.087337264	0.123927847	0.114491846	0.15220374	0.195148529	0.105050342	0.158436338	0.128770994	0.130408221	0.195604417	0.121215201	0.173519706
18S_TGP_5_3	0.161244829	0.200910911	0.197970165	0.176092064	0.211882461	0.204530411	0.188453029	0.137496095	0.253774383	0.165560829	0.166222531	0.161013293	0.1856105	0.167418157	0.174876076	0.14888003	0.164041279	0.167344642	0.116549284	0.18552139	0.154285799	0.179032291	0.145220344	0.180766283	0.16841608	0.147881796	0.171247248	0.167469586	0.184362602	0.199590027	0.1912004	0.20188009	0.241667624	0.194615128	0.145696747	0.154960454	0.158966688	0.157518657	0.124610766	0.196768476	0.172747237	0.168165752	0.22114911	0.191957098	0.162224039	0.191349355	0.170457213	0.167631256	0.155520212	0.171849549	0.174886851	0.197820313	0.17087725	0.242190825	0.173640715	0.147575883	0.172642679	0.181526117	0.181700193	0.180564236	0.18872323	0.178831834	0.169658252	0.167179993	0.216365212	0.234408416	0.223234086	0.289176597	0.226536424	0.235304397	0.244915371	0.218907929	0.228564072	0.194207173	0.190337335	0.186550969	0.222386675	0.151550803	0.163093892	0.169280108	0.12804482	0.155248988	0.193638609	0.156783097	0.114400129	0.184302546	0.159466616	0.153492663	0.142319059	0.156183092	0.182139603	0.120410994	0.129192747	0.183744453	0.179755836	0.09079688	0.161015194	0.219801208	0.19188278	0.246774952	0.390709441	0.139975398	0.313866341	0.280590444	0.134821797	0.283687084	0.096031703	0.19031053	0.261765365	0.28355136	0.166286129	0.25304438	0.168025372	0.199940443	0.198984118	0.184791648	0.171804599	0.179902167	0.195679999	0.169636945	0.187356574	0.161575757	0.128562775	0.183464262	0.118899232	0.205829167	0.193136251	0.147670799	0.171622822	0.16770831	0.125457533	0.159848024	0.154090064	0.116874985	0.150494844	0.156631074	0.125897322	0.149670712	0.137412084	0.164064197	0.101296647	0.164007736	0.155874467	0.188919311	0.180047502	0.116108597	0.178255203	0.154981803	0.1506802	0.215597788	0.21430141	0.206626366	0.225851516	0.24538098	0.230333084	0.179781782	0.214628264	0.212295906	0.137928141	0.129250594	0.146052415	0.111962838	0.125750801	0.116379005	0.129513739	0.175686704	0.165725205	0.118460782	0.230145813	0.205235991	0.276126096	0.228195237	0.205737279	0.198635021	0.185777266	0.199609768	0.184009328	0.21977666	0.139011845	0.137748878	0.154382354	0.167725672	0.110200267	0.185786633	0.111972853	0.164901904	0.118035314	0.155842925	0.073440663	0.077171972	0.077152831	0	0.074885383	0.064957752	0.067086991	0.104188682	0.071195519	0.081180182	0.254994614	0.253045075	0.308027427	0.247957136	0.320363126	0.267275717	0.231705136	0.253439931	0.20032003	0.21521517	0.178874235	0.248007435	0.29307245	0.2649085	0.302372644	0.255008193	0.288558621	0.204288097	0.277414459	0.136593326	0.194718915	0.152062478	0.142658959	0.117628117	0.148723546	0.181816587	0.092192639	0.148308199	0.138929544	0.171122111	0.208611331	0.112239669	0.155848676	0.164688447	0.144658284	0.209479536	0.154218954	0.176648463
18S_TGP_5_4	0.152151903	0.188637201	0.186590284	0.158912376	0.192114057	0.186436151	0.193592824	0.133413041	0.236194491	0.1677803	0.149973526	0.167693431	0.184249251	0.165398383	0.178842255	0.135882828	0.165881991	0.16032132	0.117947521	0.166568343	0.153011492	0.181567877	0.166869597	0.181639815	0.165194987	0.151650177	0.17644956	0.176348912	0.184680928	0.183045575	0.183503051	0.187440892	0.226314609	0.182490971	0.145522517	0.142951355	0.157835349	0.141703492	0.104248852	0.187563832	0.172943818	0.146006941	0.220019164	0.184888009	0.146737203	0.186230349	0.175864669	0.179085311	0.143465067	0.167777423	0.178894194	0.193582724	0.159491853	0.22700979	0.164039026	0.138547164	0.159560504	0.191193057	0.171069115	0.173044597	0.19189087	0.170049184	0.168395522	0.149961647	0.197216169	0.217325521	0.214999655	0.268521228	0.20651637	0.231196345	0.23121956	0.204544951	0.210370738	0.180228845	0.186269358	0.165865018	0.206142371	0.157123947	0.157388426	0.157303194	0.137955778	0.156451219	0.187634634	0.14742051	0.100726107	0.192220917	0.171619587	0.160788217	0.139863033	0.161315045	0.17406118	0.118541483	0.13387307	0.173397375	0.174758718	0.105068736	0.156047238	0.212797725	0.200553968	0.230292276	0.388675509	0.127692908	0.298197311	0.269753282	0.122221215	0.266281621	0.079626628	0.171754573	0.24837618	0.263246676	0.145931929	0.247535026	0.15264669	0.186791763	0.189643651	0.156646008	0.160766444	0.159849887	0.188996006	0.170883545	0.184346032	0.159732625	0.130312196	0.177016046	0.087546691	0.202207289	0.167003525	0.138024722	0.155716523	0.170569868	0.131493	0.150755484	0.132393304	0.099808919	0.144747167	0.171687875	0.11734303	0.135693958	0.13314414	0.168289591	0.08475478	0.156119175	0.15593606	0.187266081	0.166352903	0.101609625	0.16153982	0.160159531	0.164656651	0.197044268	0.199632854	0.194657136	0.225457184	0.239306429	0.22340036	0.168375635	0.21165516	0.193340287	0.139758236	0.107645859	0.146087512	0.128264455	0.119985277	0.119544132	0.13240867	0.173773125	0.165262368	0.136691692	0.213186912	0.200228594	0.273197322	0.214601581	0.196312256	0.195626541	0.196606335	0.20104816	0.199901618	0.225384434	0.154993393	0.16485906	0.153069287	0.159300329	0.116195368	0.185735347	0.114239794	0.169527497	0.143462149	0.161411271	0.075383677	0.095917078	0.071065314	0.074885383	0	0.087175321	0.071531422	0.095958238	0.072258467	0.075585444	0.247617413	0.251300796	0.318789793	0.235654234	0.315964419	0.262489505	0.232234957	0.245931546	0.181482091	0.199312439	0.17653188	0.233139245	0.284016667	0.247360038	0.29394643	0.241479151	0.270832	0.189128985	0.269770906	0.121208839	0.176754238	0.155808882	0.150583826	0.135333837	0.140530818	0.152219216	0.074442537	0.135683325	0.118049404	0.159370198	0.204449475	0.117905945	0.159890647	0.148403395	0.166317096	0.208185146	0.136043398	0.188769693
18S_TGP_5_5	0.140745976	0.169483627	0.173298393	0.149731504	0.195130346	0.174834863	0.165770713	0.141287029	0.251987643	0.15724964	0.169422258	0.174435192	0.18765214	0.178284086	0.191232347	0.162100272	0.157426044	0.159657796	0.120590432	0.159768303	0.153594329	0.180690234	0.142423668	0.179278148	0.1788863	0.151515596	0.182084907	0.170752098	0.178848607	0.185808861	0.169090366	0.181288735	0.221566044	0.183972234	0.137963987	0.124846896	0.150949869	0.155069569	0.136702912	0.175557121	0.162265137	0.150212215	0.227087894	0.190809073	0.159343554	0.171199061	0.156089394	0.150362002	0.151911503	0.154701909	0.178115295	0.193676811	0.159639514	0.216918388	0.174077518	0.15503068	0.168509402	0.168502633	0.185407643	0.179155511	0.175477472	0.173087965	0.161976275	0.146062732	0.211583928	0.22293366	0.216222671	0.277651543	0.22415896	0.246094555	0.247543559	0.211724185	0.226370002	0.189954107	0.198238686	0.156291238	0.191229694	0.149660667	0.154011347	0.16734947	0.142722282	0.14953225	0.180430148	0.153980527	0.131903463	0.192960132	0.16600487	0.168478983	0.149449654	0.179457805	0.177046894	0.117124737	0.14022287	0.189938962	0.180825728	0.096832664	0.167084935	0.225410003	0.209019312	0.238461203	0.394194061	0.149066731	0.285841792	0.261660796	0.110962589	0.262112675	0.088536892	0.173033428	0.231242537	0.261271155	0.138201864	0.259641923	0.136596009	0.16865051	0.169939502	0.166084956	0.154511874	0.157346576	0.189505055	0.171046789	0.161298171	0.14269535	0.125915302	0.167045074	0.122677469	0.183803414	0.166262904	0.135857487	0.151804475	0.182344689	0.125073399	0.15010349	0.147802988	0.103401794	0.130512356	0.170812463	0.133835375	0.139131311	0.14580311	0.16975806	0.092535126	0.150474041	0.157576167	0.180639328	0.167195356	0.115825368	0.154846515	0.141405582	0.169608443	0.207837641	0.216672814	0.193490045	0.234248153	0.261316783	0.240056767	0.190601313	0.229699214	0.204531641	0.129872656	0.129476519	0.142698349	0.107175554	0.130971175	0.124340921	0.132573458	0.14391682	0.135271705	0.116285042	0.210014672	0.195692381	0.280769906	0.228749344	0.220734081	0.213525026	0.194127464	0.214902521	0.181759196	0.236418659	0.14475497	0.120129145	0.162194369	0.171357712	0.130849626	0.195075437	0.078806159	0.153244578	0.125883691	0.1507691	0.122286462	0.106174939	0.070251964	0.064957752	0.087175321	0	0.069823343	0.083395846	0.089911737	0.110701013	0.250512481	0.268443166	0.315770873	0.236899496	0.338031834	0.278931134	0.251230566	0.258259276	0.177101364	0.199224742	0.152815197	0.232667607	0.287789472	0.238397543	0.297661848	0.233596548	0.256517542	0.183185114	0.273720629	0.121323846	0.188878276	0.159948004	0.132933531	0.123449957	0.151421657	0.163263639	0.095935024	0.139441906	0.133370526	0.161242031	0.220401394	0.114034559	0.166113013	0.16240399	0.149085821	0.210905061	0.154304497	0.184575757
18S_TGP_5_6	0.165914473	0.201570811	0.195912789	0.180523563	0.21286885	0.197380832	0.205666567	0.155513036	0.268565384	0.187200266	0.19512022	0.191114082	0.202921616	0.198862551	0.202709804	0.172499077	0.191693055	0.174543773	0.136916075	0.175942101	0.182772722	0.198858563	0.167536706	0.203458262	0.195227732	0.16278515	0.194535953	0.183022335	0.206816872	0.206020785	0.194253934	0.206119614	0.218137847	0.201368343	0.171836989	0.153383409	0.167690174	0.173615176	0.108781274	0.195628847	0.202754983	0.180722212	0.242065126	0.210144893	0.175358261	0.193719034	0.189731752	0.186089676	0.159979833	0.172598892	0.199372903	0.218406807	0.178614828	0.240476227	0.201466539	0.176689488	0.186265431	0.190071268	0.205348248	0.201922998	0.207311108	0.202181431	0.198119341	0.180824448	0.220760787	0.233506918	0.2236528	0.285341967	0.232446481	0.252346453	0.254330502	0.220763446	0.233169014	0.18013396	0.206200863	0.17285192	0.216391002	0.169888717	0.184750997	0.183061202	0.152745919	0.173077935	0.19449003	0.168890315	0.106216873	0.206336146	0.182596534	0.173471407	0.157270815	0.170107886	0.197968124	0.140981976	0.133586531	0.199826528	0.199560986	0.110650208	0.174800183	0.201405324	0.212549941	0.239777635	0.391597753	0.130958895	0.287310319	0.259315704	0.127110269	0.261247849	0.090887974	0.18838947	0.231988875	0.251905505	0.158625258	0.249394012	0.161828332	0.200827735	0.210655296	0.197307697	0.185482371	0.180110185	0.214363131	0.200513575	0.192051666	0.186058212	0.153784441	0.192033167	0.094173391	0.206498597	0.194599859	0.153369573	0.162176516	0.192418749	0.138969432	0.160543373	0.160481243	0.114351652	0.147660008	0.182021061	0.137505207	0.145819122	0.150035549	0.182898101	0.098371979	0.169384704	0.17941266	0.189436378	0.183640331	0.121098181	0.17085048	0.162673555	0.182179246	0.222407497	0.223731066	0.211184798	0.250902418	0.27118729	0.25741325	0.207183494	0.237034028	0.219804495	0.150517581	0.085779312	0.152406044	0.125559912	0.140808778	0.129986133	0.135592498	0.175816583	0.173122552	0.129997265	0.22901909	0.2137005	0.295775028	0.245280192	0.226324353	0.22468661	0.212913641	0.227500078	0.208124541	0.2552909	0.165015095	0.167332183	0.182821443	0.187601888	0.127127948	0.210451287	0.118349143	0.188592632	0.146829966	0.183028569	0.078481723	0.106712492	0.085333442	0.067086991	0.071531422	0.069823343	0	0.099281802	0.077757205	0.053557667	0.259776768	0.273269888	0.298913561	0.248266315	0.319956884	0.285008436	0.233128359	0.270035744	0.191454441	0.189674617	0.179338955	0.246152947	0.297411488	0.252489253	0.307193891	0.249756212	0.276786724	0.168387575	0.283862	0.145842711	0.201178228	0.178936952	0.17245483	0.125730902	0.169434897	0.180633535	0.088212248	0.161890026	0.156483839	0.18729292	0.236756471	0.133783253	0.190568681	0.181463556	0.17528411	0.225407834	0.172981412	0.203093671
18S_TGP_5_7	0.112238768	0.14607744	0.127586924	0.154276963	0.166411546	0.138223101	0.19015306	0.126878766	0.240583468	0.162900036	0.164180202	0.169283484	0.171257119	0.168661034	0.179435681	0.145568267	0.167588689	0.143198457	0.131180328	0.148193879	0.160028987	0.168484882	0.150985104	0.189023537	0.179803069	0.147805407	0.175066255	0.210285231	0.183600592	0.191108476	0.17693622	0.186083647	0.234549658	0.187775053	0.162725457	0.113788785	0.142650355	0.15219913	0.147061359	0.165413454	0.185820876	0.152584307	0.228671207	0.189590296	0.15736737	0.152299375	0.17553956	0.170357475	0.15411896	0.157361973	0.180834621	0.190453935	0.145068092	0.186970549	0.174956344	0.141672925	0.160625932	0.172304005	0.181329632	0.184631456	0.194120927	0.174521474	0.179179185	0.149979556	0.193139675	0.199571927	0.191795669	0.257511461	0.207888993	0.23291037	0.228306324	0.183602127	0.210691401	0.1814927	0.19098486	0.124745051	0.168359849	0.151537807	0.152890474	0.139255388	0.129693455	0.148527804	0.152058172	0.153274722	0.1292706	0.179577148	0.160654143	0.153279987	0.135903685	0.181412055	0.170000274	0.13463927	0.143419164	0.173913277	0.17921077	0.102269103	0.148031065	0.237920017	0.203365649	0.257735086	0.407548005	0.154343589	0.300567788	0.269247264	0.102936534	0.24002108	0.09956379	0.186635548	0.220920042	0.269465195	0.141330116	0.267022222	0.119783579	0.153130573	0.16588533	0.160068549	0.136809789	0.125926749	0.187763148	0.181223938	0.142677254	0.161514722	0.13202659	0.150252098	0.126729209	0.168233803	0.1489752	0.134792907	0.131478659	0.176241428	0.125346715	0.138766416	0.139458896	0.080974918	0.078633812	0.14925416	0.120315512	0.097343008	0.128900408	0.147622175	0.069436994	0.121049013	0.141985072	0.159089604	0.139267475	0.100466561	0.10568751	0.111420085	0.156742094	0.153433379	0.195921034	0.138438832	0.222125377	0.242435858	0.216007225	0.166589227	0.211801591	0.171351895	0.127982895	0.120486318	0.130447202	0.117752942	0.117604067	0.114566476	0.116500308	0.144934713	0.149542997	0.112019212	0.146539962	0.175963293	0.25471116	0.201369129	0.192852381	0.188797492	0.18327627	0.19029428	0.179588633	0.217873867	0.135887367	0.138487613	0.147017744	0.155687444	0.115683912	0.171718442	0.104373248	0.159551217	0.136461879	0.153693585	0.120513153	0.097594261	0.07947597	0.104188682	0.095958238	0.083395846	0.099281802	0	0.089928137	0.125625092	0.240246297	0.252878922	0.317335554	0.218587536	0.343078276	0.26560809	0.259487289	0.249856602	0.134048004	0.177258776	0.156071112	0.187779958	0.272260914	0.190604069	0.279485762	0.184299894	0.221274199	0.151287919	0.255056581	0.135975195	0.17731734	0.162816231	0.16363146	0.161395118	0.138955123	0.154405416	0.094757914	0.134009644	0.14054516	0.173631335	0.199652966	0.127295803	0.167219869	0.160072269	0.152195154	0.19875691	0.132424482	0.17597123
18S_TGP_5_8	0.136336061	0.193471042	0.181637009	0.175336144	0.199148316	0.181760101	0.1826163	0.114487792	0.239410199	0.163340382	0.166044907	0.148553999	0.161304576	0.159637616	0.161699328	0.130184916	0.173836113	0.146990697	0.115068442	0.158216223	0.143768163	0.158071453	0.145764129	0.184905331	0.156278199	0.116851411	0.149393424	0.167865903	0.164088685	0.177134961	0.175833453	0.17674271	0.214974553	0.166720187	0.133177294	0.122312185	0.133249399	0.130304319	0.104474671	0.161973768	0.161698212	0.167184544	0.208556437	0.16744653	0.128015483	0.173101546	0.162570463	0.163155441	0.131200558	0.155701772	0.162160303	0.175000068	0.145613017	0.216037782	0.184344564	0.144674956	0.155585684	0.164396556	0.186474741	0.181411103	0.184806257	0.182747212	0.170914819	0.15671826	0.192998173	0.208551855	0.193358996	0.259097436	0.19082967	0.203700868	0.222767164	0.18762929	0.192489808	0.156954579	0.161691107	0.164691019	0.204339329	0.136738687	0.135185867	0.127427115	0.110660034	0.124102113	0.172118083	0.117071462	0.076998522	0.164235954	0.136647332	0.12443605	0.111877186	0.139146103	0.153439411	0.10850844	0.099272963	0.149091932	0.163767362	0.065829921	0.137837058	0.208390794	0.168974635	0.238166759	0.391923534	0.110047812	0.30824286	0.264024479	0.112252235	0.275329517	0.080283143	0.174073735	0.249097511	0.259973693	0.149551729	0.235000579	0.166717618	0.193104527	0.190956193	0.176131919	0.16090578	0.161748732	0.178657654	0.161719979	0.182598935	0.16964761	0.124087531	0.160480826	0.098259126	0.189718114	0.163758909	0.127323563	0.151980247	0.140403313	0.100365199	0.11809187	0.128558006	0.08400976	0.123048549	0.132240162	0.072547829	0.125895363	0.103766745	0.139404891	0.078003563	0.135286623	0.135241291	0.167584491	0.145634618	0.078620032	0.132473746	0.134395621	0.133868251	0.198119833	0.189231488	0.182291572	0.217404004	0.220079312	0.217839353	0.16527827	0.198517801	0.193285652	0.123821778	0.107167622	0.0974983	0.093245526	0.110590494	0.078161802	0.086433185	0.161107043	0.161790321	0.097089623	0.212827925	0.190201153	0.264178983	0.21284787	0.193837556	0.182365761	0.169798933	0.184789672	0.182808512	0.220921619	0.136875993	0.147305891	0.163689981	0.154067991	0.093006657	0.16068828	0.106086736	0.16151233	0.137177554	0.147701085	0.092421831	0.084566974	0.088117832	0.071195519	0.072258467	0.089911737	0.077757205	0.089928137	0	0.08310963	0.229883328	0.235804523	0.298027685	0.22572973	0.298381841	0.238428879	0.224252746	0.221030383	0.153681213	0.184707044	0.166304431	0.218324714	0.259281501	0.236769302	0.28293615	0.236123657	0.266143849	0.180327737	0.245003283	0.126406998	0.173495629	0.142680129	0.148404544	0.124846193	0.127435035	0.154478398	0.074290493	0.13447266	0.126952238	0.168829668	0.19147501	0.11817775	0.154834172	0.157297224	0.140405398	0.186876676	0.136592856	0.165706363
18S_TGP_5_9	0.174032401	0.220386479	0.209432034	0.198259082	0.216932728	0.217981541	0.212272508	0.152597709	0.266641078	0.188439652	0.18596519	0.17948401	0.204374684	0.192187907	0.192006439	0.151569514	0.202103555	0.179061319	0.130996012	0.194106977	0.170175535	0.199059695	0.192206222	0.217201142	0.185620054	0.156070711	0.183110694	0.177347724	0.202348844	0.203564709	0.196690026	0.213373148	0.214960345	0.192700639	0.158313172	0.163587958	0.173518216	0.171950031	0.101605921	0.203794598	0.18951383	0.185299282	0.240149042	0.203517154	0.162490039	0.198972217	0.187602545	0.196825923	0.160776699	0.18416439	0.193138805	0.212667032	0.184254996	0.255286238	0.203791672	0.169131319	0.189186874	0.205461368	0.202105867	0.196598285	0.209618911	0.212090611	0.19371585	0.184082436	0.217364914	0.241572201	0.230483602	0.292660264	0.224888098	0.240543732	0.245030375	0.224814985	0.224177997	0.186639792	0.190177351	0.19173977	0.235062427	0.166184814	0.177483934	0.170195757	0.149762494	0.163320107	0.207141545	0.166925992	0.095086252	0.213075611	0.190772782	0.174289027	0.152983927	0.163656894	0.193248077	0.127994824	0.143249836	0.185877658	0.195840909	0.112775196	0.167604841	0.194782834	0.214213338	0.214006657	0.36926843	0.126891816	0.291169875	0.256754196	0.151145453	0.255927723	0.10144158	0.199129616	0.2458264	0.258208394	0.17627415	0.225574778	0.180794124	0.215803788	0.226160138	0.200705104	0.186652281	0.183666414	0.209534304	0.196249474	0.206937114	0.182348625	0.153898625	0.194852056	0.104398773	0.22889413	0.205097657	0.157194034	0.184969819	0.190131694	0.142718837	0.171678782	0.164599973	0.123740211	0.17401432	0.184513719	0.130551472	0.155718817	0.154904081	0.191525112	0.116287148	0.181361276	0.177365526	0.216461005	0.202321859	0.125144494	0.188118261	0.182566814	0.187559707	0.226084116	0.214563607	0.225848367	0.243050537	0.259290118	0.247276039	0.188386353	0.22383964	0.222090212	0.156287559	0.080270805	0.152768019	0.141348199	0.148691211	0.13558517	0.142692542	0.201690518	0.195197341	0.153226924	0.247308985	0.227531177	0.294496138	0.240572588	0.210921769	0.213714299	0.209356917	0.219822835	0.217344024	0.243741963	0.176729058	0.189708712	0.198632834	0.205745481	0.139123869	0.217940311	0.142260326	0.198368575	0.160755371	0.189518181	0.063625229	0.10894863	0.112277361	0.081180182	0.075585444	0.110701013	0.053557667	0.125625092	0.08310963	0	0.263581348	0.260516772	0.300240082	0.255226662	0.288438323	0.275355337	0.212357866	0.259870694	0.210361664	0.205075352	0.195833279	0.265927427	0.299210774	0.273068823	0.310160657	0.271197871	0.299586331	0.181450494	0.284446114	0.150952044	0.201608122	0.177850689	0.179588335	0.133598326	0.168417028	0.188711381	0.090628389	0.160792403	0.146629274	0.188916198	0.223692605	0.140655816	0.18040348	0.17848342	0.182684125	0.226157265	0.17430474	0.200381812
18S_TGP_6_1	0.223293887	0.220492428	0.19567528	0.261819572	0.197856352	0.180954588	0.249225157	0.206515067	0.168747533	0.240875474	0.244216976	0.24345328	0.18973658	0.238485052	0.254893868	0.225770896	0.253113477	0.243649238	0.236870465	0.167758667	0.231044551	0.17829836	0.241859955	0.196639671	0.221778909	0.206013693	0.212954571	0.217059452	0.246671633	0.260342041	0.271642597	0.214289715	0.236194122	0.262931633	0.23244852	0.224904085	0.185469888	0.224485481	0.244728925	0.205884922	0.251325436	0.264000251	0.212830419	0.201941339	0.235170083	0.226945837	0.244999724	0.243971328	0.174841614	0.196474146	0.251088901	0.203891287	0.161820167	0.205688672	0.252387378	0.233240572	0.239038479	0.215040668	0.250680617	0.174993386	0.244519009	0.260021036	0.235647675	0.263417472	0.212756551	0.191387409	0.214215686	0.114836561	0.21352103	0.152210079	0.203923024	0.219396181	0.23308653	0.166787959	0.260537046	0.255805523	0.237345232	0.231022042	0.215468983	0.17755658	0.234300086	0.190087405	0.184604995	0.197371136	0.249050632	0.154726061	0.18613925	0.228926121	0.206480212	0.202238135	0.238205418	0.229840695	0.220072569	0.200016866	0.180931994	0.218813195	0.143036747	0.232042773	0.159893714	0.24556768	0.371644645	0.174770878	0.304426416	0.270046233	0.185345661	0.281973318	0.22651041	0.197479582	0.260375874	0.272306576	0.171622053	0.269771258	0.188614706	0.22262776	0.276892775	0.266737404	0.255970674	0.248458774	0.223720086	0.263722271	0.253050109	0.270650997	0.242084276	0.226947872	0.265486979	0.24942781	0.230464998	0.218099915	0.218524346	0.229332574	0.206901326	0.227035935	0.236427479	0.221040152	0.232803514	0.210023899	0.208618077	0.235570168	0.191116638	0.2384283	0.234492683	0.201906042	0.203629925	0.201062082	0.193800358	0.203390777	0.221590861	0.238013447	0.225218597	0.283407256	0.258012842	0.258966158	0.208805153	0.206953148	0.194250759	0.232437923	0.237711865	0.238217683	0.23716178	0.271583457	0.208090444	0.197410756	0.216660504	0.233219086	0.186905306	0.222237115	0.25534537	0.218349143	0.209073368	0.183525445	0.1641822	0.180820397	0.207743966	0.212934376	0.219287154	0.217864528	0.200013145	0.224738776	0.216012464	0.233891098	0.239455832	0.230770819	0.211630807	0.191532308	0.245182329	0.225403662	0.252436296	0.224511342	0.257594476	0.223732991	0.23290938	0.254994614	0.247617413	0.250512481	0.259776768	0.240246297	0.229883328	0.263581348	0	0.139733242	0.24400349	0.12596103	0.286409364	0.160904435	0.217222234	0.082276239	0.165267955	0.143701719	0.220653837	0.231056689	0.186199477	0.186267985	0.132097138	0.226942206	0.232599444	0.215791649	0.148354054	0.232514104	0.190683149	0.252946679	0.242223574	0.217491869	0.229625243	0.201400995	0.21892747	0.21040187	0.24295268	0.235646646	0.173686972	0.25217312	0.251078677	0.239817808	0.238230461	0.20900169	0.221856644	0.183722795
18S_TGP_6_10	0.198431306	0.232216319	0.230700015	0.249786892	0.258453315	0.243322502	0.25107209	0.207103732	0.146448633	0.238712254	0.226486268	0.20497827	0.161393818	0.193786453	0.200929847	0.178962477	0.249462998	0.18922647	0.209140384	0.151088966	0.189379948	0.143931414	0.242806848	0.242288377	0.168551807	0.169892866	0.17345144	0.27270806	0.225631264	0.229232369	0.243040408	0.241692645	0.339079196	0.226219102	0.232867723	0.233034507	0.24125139	0.2263497	0.250423582	0.189729542	0.224873911	0.222076151	0.301994623	0.194035835	0.205315768	0.218735048	0.215527097	0.230492729	0.246309416	0.246213984	0.218181976	0.224618168	0.200728768	0.280703873	0.243518067	0.213983547	0.235688293	0.20372484	0.241116562	0.247473181	0.246164093	0.255147244	0.222183638	0.236791596	0.15966076	0.136388759	0.210358973	0.187707971	0.157194826	0.121339251	0.142942656	0.174434656	0.191686441	0.216659229	0.21023054	0.283902688	0.278775333	0.195792376	0.179318299	0.18979203	0.194739725	0.191252713	0.234793159	0.163206139	0.244587203	0.134947312	0.183464852	0.173862092	0.178502587	0.228661546	0.191146018	0.213610889	0.242054144	0.159154787	0.182724698	0.216897843	0.220334729	0.331544977	0.234179575	0.325898757	0.464227332	0.231732619	0.408780689	0.37040338	0.221704643	0.371196416	0.243774258	0.288109301	0.359469446	0.370630238	0.25947482	0.33519337	0.249458519	0.237064303	0.2814047	0.250542196	0.229213712	0.224140097	0.211969172	0.239323574	0.249890288	0.221948426	0.216226667	0.223030251	0.263060337	0.253632227	0.22923719	0.208140242	0.264892664	0.179264484	0.183259844	0.188006767	0.186608353	0.202368594	0.235909857	0.176018187	0.188103954	0.204780545	0.193744567	0.202097285	0.232028993	0.193695733	0.169227257	0.186166421	0.160862316	0.189422346	0.213995089	0.214218808	0.173266516	0.232799057	0.190984316	0.239124704	0.159142937	0.1460003	0.157462624	0.182974428	0.174158711	0.176287734	0.200871209	0.28250146	0.186788214	0.205534381	0.222001323	0.204668614	0.193056653	0.213318438	0.252942365	0.227202179	0.179211767	0.189311534	0.113239004	0.139864867	0.172113099	0.15811036	0.166601671	0.181184312	0.190265523	0.166455433	0.214012668	0.241625495	0.235479725	0.228255971	0.235838917	0.163189447	0.265426571	0.235016886	0.222067599	0.219314564	0.250210129	0.224737197	0.241083452	0.253045075	0.251300796	0.268443166	0.273269888	0.252878922	0.235804523	0.260516772	0.139733242	0	0.34650738	0.18390663	0.315172798	0.094095411	0.267441221	0.107828204	0.206303552	0.222742365	0.175451218	0.224004391	0.199356571	0.282652514	0.198201088	0.225045485	0.315306349	0.26185041	0.174538015	0.236431746	0.165137163	0.207771667	0.231454221	0.260733317	0.189171578	0.226489543	0.216799037	0.190746399	0.22441622	0.236617937	0.094927862	0.224902979	0.205446304	0.226344994	0.201282242	0.178661454	0.225587137	0.157402675
18S_TGP_6_2	0.319195362	0.313442995	0.292759934	0.355073994	0.248514048	0.279791983	0.352883818	0.312427991	0.376664864	0.345509893	0.355222669	0.346844287	0.290472398	0.33068011	0.358501685	0.341210738	0.34425015	0.32810864	0.341663142	0.324829346	0.346232125	0.332286252	0.332307872	0.279857906	0.33164157	0.320066106	0.338472932	0.222074833	0.334560967	0.359679461	0.372383776	0.311764988	0.159606829	0.366372846	0.329483058	0.324408196	0.264811899	0.330645596	0.292466226	0.304462806	0.36820054	0.355292002	0.189229116	0.298566505	0.345480194	0.314843593	0.335494707	0.317432483	0.230779076	0.256744709	0.32764615	0.285589053	0.252393987	0.286586414	0.364888393	0.343317915	0.34434411	0.31389231	0.361271046	0.276787818	0.358178791	0.351853997	0.351119088	0.365946138	0.344197293	0.35331962	0.308685961	0.320740959	0.34831782	0.298609149	0.351210135	0.336936952	0.348118143	0.211176943	0.371149349	0.351108599	0.319407601	0.321371337	0.334230097	0.277339341	0.318452958	0.295719812	0.264986895	0.296163342	0.291980217	0.288393627	0.288837263	0.301232255	0.295873722	0.240149615	0.330107228	0.323000933	0.254255553	0.31158905	0.275615199	0.282764641	0.217670226	0.150560794	0.177614126	0.165383232	0.187012595	0.217727218	0.107863085	0.103749939	0.260045654	0.131778451	0.275620348	0.203439296	0.14356661	0.161734199	0.238224947	0.162574936	0.266146068	0.312259027	0.376263463	0.369444411	0.34827021	0.344443698	0.306834712	0.35926036	0.344261473	0.370120415	0.33587269	0.312022806	0.307535552	0.328960442	0.315648955	0.318768231	0.281778338	0.335559743	0.296617613	0.316305146	0.330744836	0.317612754	0.319055414	0.300173555	0.310830781	0.324695105	0.315901747	0.32522775	0.307849779	0.311480652	0.322476009	0.302928388	0.304254534	0.292881165	0.31951216	0.324076216	0.321517302	0.378935254	0.363522786	0.349615997	0.385400256	0.395305244	0.367382359	0.347046503	0.35045912	0.353563278	0.330345662	0.277838701	0.301788976	0.275481604	0.293125158	0.330521616	0.270611861	0.319051203	0.357272619	0.301090773	0.341734369	0.332237533	0.390860369	0.353932	0.354835197	0.334808616	0.338429488	0.341935451	0.339061111	0.388208089	0.316993471	0.315795149	0.312923827	0.307506132	0.280801853	0.306890069	0.327538221	0.330122225	0.330212632	0.330844326	0.323425985	0.307458327	0.307496105	0.308027427	0.318789793	0.315770873	0.298913561	0.317335554	0.298027685	0.300240082	0.24400349	0.34650738	0	0.298023498	0.117935146	0.331154354	0.148923405	0.258552114	0.263141802	0.193238595	0.31402372	0.353842736	0.393822455	0.27321214	0.334952804	0.362735345	0.30724662	0.208614636	0.338431882	0.344708696	0.334798519	0.366712621	0.348059758	0.270627072	0.329629184	0.299481521	0.298587099	0.315979042	0.352777416	0.349509001	0.359250531	0.345364569	0.366164487	0.340103432	0.31634866	0.341494769	0.331598906	0.345872955
18S_TGP_6_3	0.210169464	0.219093304	0.197757366	0.2627987	0.229906849	0.198250795	0.254891087	0.208839739	0.206321341	0.245918393	0.253331038	0.254688087	0.210612361	0.248990959	0.264308608	0.240273046	0.259389073	0.242150724	0.238128648	0.183493111	0.234997585	0.201233166	0.253780705	0.217876041	0.233577955	0.226605029	0.189425773	0.259888353	0.263167405	0.265768685	0.272031804	0.225356829	0.275737183	0.271795604	0.234037017	0.226538808	0.193457399	0.229787895	0.238093916	0.219332688	0.268041305	0.267632463	0.261423234	0.22427256	0.24567128	0.236291244	0.251840916	0.252375522	0.210779376	0.215406958	0.26420855	0.225273342	0.157774876	0.246429835	0.267699941	0.245399224	0.250959993	0.225203517	0.262327739	0.213702457	0.260259123	0.269440485	0.252176711	0.258651048	0.167171694	0.142139197	0.224796626	0.078480566	0.170063835	0.162357983	0.144095194	0.194954387	0.217318105	0.185130497	0.27390444	0.262413568	0.240182457	0.236500872	0.218685693	0.183754148	0.241403208	0.196021979	0.188614081	0.21050769	0.247690966	0.172110934	0.180825638	0.239270602	0.204857736	0.220324678	0.257430555	0.224099474	0.219790124	0.207619323	0.22353137	0.20838197	0.182780873	0.283331539	0.201514223	0.287082369	0.414498656	0.204930553	0.336710998	0.298638201	0.169673039	0.30991849	0.209963006	0.227760904	0.289711926	0.30794526	0.190980318	0.310755819	0.188930342	0.227360062	0.279823644	0.26801084	0.255203106	0.247832139	0.2369294	0.279366893	0.256761415	0.268812539	0.248200642	0.234009239	0.258410895	0.254000411	0.237358698	0.223648162	0.203452276	0.237856112	0.212297236	0.228669362	0.224176059	0.21683492	0.216595264	0.217131305	0.222689034	0.236303822	0.171402842	0.220000889	0.216502403	0.187217392	0.197356568	0.200187705	0.197518804	0.204894295	0.209409361	0.225382333	0.219609724	0.270302326	0.258885413	0.242139936	0.13665043	0.152485795	0.162762556	0.224075844	0.215524624	0.22723532	0.241473756	0.250307049	0.218226396	0.204132687	0.215561342	0.236541956	0.186168449	0.227864198	0.257677701	0.229449296	0.212611623	0.129265308	0.177662845	0.187069599	0.172675854	0.198691606	0.205185778	0.191112043	0.15349592	0.170036998	0.207055471	0.239759021	0.238706642	0.230352309	0.197738528	0.196893654	0.247454534	0.212525239	0.254428671	0.220570391	0.254632116	0.222493052	0.222768032	0.247957136	0.235654234	0.236899496	0.248266315	0.218587536	0.22572973	0.255226662	0.12596103	0.18390663	0.298023498	0	0.348394898	0.208602371	0.266544491	0.168122453	0.163792255	0.169720583	0.219363998	0.225712036	0.128731223	0.228472935	0.089899096	0.174798091	0.274141941	0.176655342	0.092716178	0.242924794	0.192627554	0.259041131	0.257545961	0.232625538	0.239730425	0.196770582	0.215180197	0.219201977	0.247932979	0.250272681	0.20346289	0.254382164	0.263261916	0.244859834	0.238682046	0.232018353	0.219891584	0.157172051
18S_TGP_6_4	0.330819957	0.348183622	0.31795208	0.374684657	0.242961666	0.311219621	0.362141561	0.335241318	0.404410618	0.367418378	0.356859073	0.335733767	0.340951925	0.336872676	0.31859199	0.296650659	0.378774155	0.306794992	0.322379675	0.369625586	0.33991876	0.351375083	0.358684974	0.31876897	0.314936154	0.308723748	0.315869503	0.200801038	0.335100424	0.320013915	0.334341572	0.33498265	0.178853378	0.317082248	0.300823435	0.323631545	0.302877863	0.339273807	0.282082984	0.309370328	0.336351325	0.340659314	0.207798921	0.27695867	0.318286853	0.29767303	0.317137509	0.344392733	0.242211621	0.248672374	0.306632279	0.302924903	0.286401789	0.314757613	0.369748329	0.341896603	0.363962792	0.353438223	0.37071038	0.280613678	0.356952143	0.380993142	0.347300369	0.36849292	0.31845672	0.357443929	0.270884711	0.347304983	0.298132624	0.242614023	0.326014766	0.303169773	0.312778562	0.204699691	0.313771197	0.385273182	0.366799006	0.307146735	0.3314376	0.279913656	0.299870938	0.299679734	0.319084417	0.293940016	0.273026265	0.341633086	0.321892214	0.299597923	0.285024138	0.221246198	0.277004804	0.27844235	0.283534639	0.276234669	0.252222616	0.298799388	0.231880703	0.192014547	0.215021461	0.158357309	0.20037388	0.223995769	0.146829555	0.138568046	0.305297742	0.151092971	0.303876724	0.22797966	0.178126769	0.180339003	0.27246734	0.163384402	0.290263001	0.345554735	0.394619596	0.374717127	0.354803299	0.348224879	0.321325016	0.353126581	0.37484815	0.338257473	0.347770078	0.335577952	0.321167324	0.37541521	0.337654649	0.311793085	0.314529091	0.311809039	0.304989369	0.293349143	0.328058216	0.315690957	0.365207573	0.331407251	0.29137053	0.321241571	0.344388913	0.352115545	0.325353891	0.349518063	0.33011735	0.364683553	0.348675597	0.285723438	0.330147717	0.359421777	0.312108981	0.35101718	0.308283779	0.379443512	0.361573104	0.346122631	0.377883881	0.305053315	0.322367197	0.329759891	0.315856546	0.311294224	0.304391298	0.282676521	0.336895359	0.310601419	0.301633437	0.358523278	0.377635724	0.334720082	0.388129118	0.37707456	0.419682771	0.376870336	0.349381934	0.323127475	0.291954391	0.349875459	0.364970483	0.357028352	0.349621532	0.357741739	0.369540053	0.367581796	0.336873392	0.351883019	0.352155596	0.362874838	0.349009055	0.35623639	0.304179768	0.320293705	0.33561158	0.320363126	0.315964419	0.338031834	0.319956884	0.343078276	0.298381841	0.288438323	0.286409364	0.315172798	0.117935146	0.348394898	0	0.279295423	0.106396179	0.240710412	0.284879314	0.238061508	0.321864238	0.391086967	0.41172165	0.301975712	0.373038975	0.414366225	0.31163233	0.272093125	0.357474482	0.340135627	0.360563316	0.319884708	0.347583707	0.264945563	0.303884379	0.326747154	0.286789743	0.31683078	0.340731362	0.355248167	0.364956433	0.33228499	0.335277003	0.354666823	0.351056361	0.347581262	0.344103173	0.370566317
18S_TGP_6_5	0.213326525	0.241048082	0.228225721	0.267037117	0.244485725	0.227022299	0.225110643	0.225532211	0.192762646	0.258674757	0.248552325	0.226936336	0.178550899	0.21556485	0.224128486	0.201477502	0.269923684	0.216013158	0.224486855	0.169867887	0.210311102	0.152903169	0.242307522	0.233514131	0.186475387	0.168783725	0.172416005	0.255136925	0.191240187	0.195312113	0.196028111	0.211647785	0.304560893	0.187107889	0.217011518	0.230413008	0.228011148	0.230023368	0.244881652	0.15601987	0.216837025	0.241359054	0.275256801	0.179168201	0.209610757	0.204514675	0.186660723	0.233753175	0.233689954	0.21545913	0.212748082	0.203794327	0.194390994	0.237799499	0.262089702	0.231977325	0.252494703	0.202398712	0.262281303	0.235021891	0.240780296	0.272537215	0.239011687	0.259468223	0.178937727	0.165833408	0.143533103	0.200856943	0.149724763	0.087936469	0.163661129	0.176941327	0.144853269	0.182189678	0.21444461	0.293603967	0.275957703	0.186828753	0.196268323	0.191949245	0.217410583	0.190664426	0.233458355	0.167739237	0.231991535	0.148221466	0.182313151	0.193022638	0.195649399	0.214529298	0.167039186	0.219111183	0.217138343	0.170156359	0.170907438	0.231833582	0.212194916	0.316613774	0.217913533	0.311343582	0.452850574	0.219785214	0.395900703	0.357775343	0.22616187	0.360864042	0.255637308	0.275651383	0.346131502	0.34796304	0.247778885	0.32256852	0.238862921	0.241280533	0.285635855	0.266287434	0.246179286	0.239600866	0.213836605	0.237944631	0.266335967	0.246729762	0.236075674	0.226114699	0.272307385	0.265137685	0.225327726	0.203382565	0.237829262	0.194379723	0.196866971	0.189851435	0.206854155	0.219312574	0.251954562	0.19593777	0.19749189	0.224353593	0.203560047	0.217581852	0.243589488	0.208204657	0.184299805	0.20260182	0.175824207	0.200852683	0.196067628	0.232740978	0.191630459	0.25352946	0.210357649	0.25452922	0.192519523	0.159862246	0.179688189	0.203617338	0.195449363	0.196749478	0.214824838	0.295386735	0.189593603	0.206603788	0.239831893	0.211434858	0.198512183	0.233356644	0.26892346	0.23188601	0.194865935	0.20221069	0.191560013	0.155858409	0.187954105	0.173784133	0.157803246	0.197108329	0.202096894	0.186851066	0.231418214	0.251740599	0.253782747	0.24691933	0.245588904	0.171244892	0.271098722	0.247173111	0.245780547	0.233953049	0.264353877	0.23856883	0.256458188	0.267275717	0.262489505	0.278931134	0.285008436	0.26560809	0.238428879	0.275355337	0.160904435	0.094095411	0.331154354	0.208602371	0.279295423	0	0.246269971	0.103159106	0.171666751	0.195330952	0.19083598	0.201708523	0.183018763	0.264145316	0.218878952	0.240606282	0.278519434	0.261489515	0.135094553	0.235932951	0.183269777	0.203776319	0.240639325	0.239484243	0.180801502	0.230812123	0.226827846	0.205392304	0.241378955	0.247551793	0.140555667	0.238058309	0.222287934	0.246315521	0.221792595	0.174407386	0.235664743	0.188395584
18S_TGP_6_6	0.250836804	0.274828211	0.246398918	0.302498912	0.17615439	0.237312004	0.299978412	0.250589756	0.339585857	0.288895795	0.281658666	0.261415517	0.267225104	0.273054796	0.266229452	0.243667945	0.300932474	0.251650442	0.252031655	0.298482267	0.265360451	0.285759064	0.290434207	0.243486145	0.252492897	0.255274952	0.262077643	0.138244824	0.278484107	0.277636295	0.28870933	0.272362949	0.131350681	0.276932675	0.239222983	0.259902424	0.231511129	0.270826641	0.221301102	0.253556331	0.278356753	0.286238333	0.144767197	0.22733084	0.259721987	0.251633334	0.266599559	0.278454015	0.165789707	0.193496466	0.263546151	0.239201576	0.204165024	0.252915982	0.293887669	0.263881348	0.284972135	0.289182637	0.298939126	0.208529572	0.298752552	0.307131798	0.282491604	0.292386161	0.261828951	0.28734381	0.201842102	0.276231556	0.254798998	0.211712131	0.269923364	0.258535857	0.267812369	0.141706295	0.27481449	0.314165075	0.298872897	0.252740152	0.259485034	0.199572899	0.244333486	0.229269311	0.245163509	0.231801736	0.210964534	0.268493497	0.250642187	0.23760377	0.223115079	0.168819539	0.234482876	0.23336005	0.216242982	0.219186368	0.193064899	0.215080957	0.153197712	0.138794204	0.140080106	0.113509284	0.245296883	0.144895225	0.185432671	0.145122531	0.221533732	0.150543579	0.221887742	0.149422965	0.13747555	0.160331644	0.195842218	0.137043835	0.2074915	0.273206257	0.332393729	0.304595886	0.284736696	0.277178955	0.256361717	0.295681151	0.301188556	0.284713171	0.269395189	0.267284241	0.254600459	0.304021382	0.272972322	0.241614891	0.247367261	0.251798224	0.230949675	0.243220005	0.259722767	0.238113151	0.280703198	0.248679468	0.227636044	0.25279367	0.271409957	0.275977389	0.245199301	0.269475445	0.252382247	0.289468765	0.275757501	0.217433824	0.260816188	0.274735237	0.250560233	0.296739628	0.258040765	0.303225394	0.304921542	0.312522202	0.311931649	0.24994019	0.265892593	0.283011046	0.253534022	0.241762953	0.233811922	0.208759656	0.253138974	0.248935136	0.230759531	0.282879964	0.297993601	0.260945567	0.318740085	0.296085358	0.355604472	0.312511885	0.273440349	0.258375784	0.24460788	0.274731049	0.285049633	0.3052716	0.269805159	0.285231605	0.288481484	0.283216866	0.25807309	0.287837299	0.282388916	0.282622685	0.2576721	0.274741702	0.223287601	0.234898519	0.242093528	0.231705136	0.232234957	0.251230566	0.233128359	0.259487289	0.224252746	0.212357866	0.217222234	0.267441221	0.148923405	0.266544491	0.106396179	0.246269971	0	0.190514251	0.216688642	0.17490823	0.256459669	0.334568444	0.357641305	0.237562001	0.29849565	0.343181502	0.252464866	0.216163315	0.303778029	0.270055933	0.287037479	0.255079272	0.272959891	0.186283984	0.248601571	0.250716044	0.208255919	0.235522735	0.265009635	0.289704737	0.296810485	0.260600216	0.271556826	0.280763852	0.278741938	0.292861799	0.268893436	0.290912958
18S_TGP_6_7	0.229117252	0.250632399	0.219268058	0.279263551	0.186585333	0.211630905	0.266652232	0.227211834	0.18986966	0.269518916	0.259657717	0.241943818	0.190178387	0.236522128	0.254718909	0.219773702	0.281323389	0.242718472	0.239057267	0.157284997	0.230768614	0.167240169	0.260059731	0.220774426	0.212174499	0.178900312	0.205119017	0.194654641	0.24505182	0.257405263	0.264319017	0.240386984	0.241517722	0.257368815	0.215403285	0.227918965	0.204268632	0.23956879	0.231489492	0.189311238	0.246355462	0.268052205	0.204986626	0.198323126	0.22835681	0.225502426	0.241616848	0.247324584	0.169334617	0.179370002	0.245171678	0.208713929	0.182128289	0.21917121	0.27275694	0.24232997	0.266367422	0.226295224	0.274154697	0.18594931	0.262912759	0.285276761	0.251321729	0.271451356	0.209358966	0.170731599	0.197390692	0.165231138	0.199294931	0.119510591	0.199019011	0.214774607	0.223159507	0.138990734	0.251983807	0.285028377	0.265391348	0.226149181	0.216969842	0.179696102	0.235067986	0.193299835	0.210474575	0.192288123	0.230024996	0.145399376	0.196831628	0.222190918	0.209645188	0.188236777	0.222986034	0.215905502	0.219604743	0.204446384	0.177225458	0.216526431	0.142346628	0.242781872	0.145731136	0.237171248	0.379139013	0.169260693	0.320762318	0.283128809	0.207591692	0.286907202	0.235724595	0.203686013	0.274019497	0.278343853	0.189970713	0.255733672	0.19636361	0.249230079	0.298294989	0.278607528	0.263754124	0.25328775	0.230546809	0.262375821	0.27857152	0.272449224	0.248968424	0.23856579	0.26165602	0.276461241	0.241080232	0.217905991	0.236263343	0.22455861	0.20674777	0.221271661	0.239549849	0.222356354	0.259749466	0.210800854	0.204152795	0.237889447	0.19732849	0.242539919	0.230796288	0.223355295	0.204804488	0.216339619	0.190368374	0.19685211	0.219882062	0.24594565	0.220574201	0.287168547	0.250619011	0.269945629	0.211967184	0.191766338	0.190188764	0.235344186	0.2306936	0.228205976	0.238358019	0.277671661	0.205167363	0.187181813	0.235598811	0.228509044	0.178657562	0.243195497	0.277945532	0.236507394	0.21161996	0.216263344	0.182528765	0.172699784	0.209643311	0.20123931	0.197261595	0.217388879	0.213096986	0.220514272	0.244354607	0.25697761	0.26876437	0.262891048	0.230509222	0.183269286	0.265958057	0.257001977	0.260697909	0.248481662	0.25209114	0.233483316	0.239301974	0.253439931	0.245931546	0.258259276	0.270035744	0.249856602	0.221030383	0.259870694	0.082276239	0.107828204	0.258552114	0.168122453	0.240710412	0.103159106	0.190514251	0	0.164136092	0.14937994	0.201909822	0.239169675	0.230045614	0.209054045	0.191520297	0.256243638	0.237509321	0.242007613	0.168716714	0.241486865	0.196892659	0.244860332	0.250885648	0.212531443	0.224425738	0.227919432	0.210580242	0.21867473	0.244022642	0.257324898	0.140222147	0.25157554	0.247608343	0.257927394	0.238157192	0.200713436	0.24343341	0.19697555
18S_TGP_6_8	0.119024425	0.140186828	0.10634497	0.192204299	0.14110306	0.109353298	0.1855833	0.164502464	0.244161961	0.205220162	0.206557455	0.191235798	0.155763416	0.176182017	0.200418494	0.182531922	0.215157179	0.144741088	0.177704926	0.166848025	0.182063454	0.177351368	0.174906874	0.156980446	0.169651795	0.149617751	0.146438289	0.197085136	0.168337434	0.179870108	0.173178903	0.153011991	0.205552451	0.183628516	0.171276734	0.128884539	0.126633318	0.171850497	0.171166222	0.11045741	0.199624384	0.184140157	0.196363278	0.136711741	0.173444708	0.11323992	0.156191364	0.160429319	0.145688969	0.115857752	0.170955764	0.142410252	0.084306792	0.127671589	0.225506693	0.187168024	0.20552467	0.163363699	0.230622298	0.169043451	0.20664061	0.21981883	0.207999741	0.189227974	0.167284821	0.168189392	0.118199729	0.172209931	0.156955656	0.135131408	0.1824768	0.121186869	0.14976802	0.109758441	0.193403511	0.168336375	0.155993854	0.138988852	0.160831405	0.114652703	0.168072739	0.122980593	0.121225955	0.126109925	0.17698244	0.163805304	0.123715266	0.152552855	0.13586189	0.158329944	0.157341168	0.166442552	0.153697671	0.1467564	0.142277537	0.151802858	0.12342513	0.238746581	0.139741554	0.240237945	0.390217986	0.145126565	0.287642177	0.252289974	0.120685808	0.22649146	0.160334366	0.178091902	0.207642648	0.256344489	0.140217596	0.255290217	0.11229173	0.139586194	0.201573297	0.198556245	0.173844257	0.148307567	0.168548838	0.203294061	0.166886569	0.200977541	0.177493874	0.138743857	0.192702084	0.165536493	0.128302806	0.136504405	0.131759092	0.164599867	0.12936144	0.128350135	0.146217083	0.13195059	0.117916562	0.143314476	0.14339015	0.121717665	0.14376696	0.146861736	0.139156258	0.138284362	0.146076366	0.138935157	0.138681505	0.129916321	0.063305297	0.119715646	0.140722341	0.172840013	0.195000183	0.13658618	0.210373083	0.19781347	0.203022286	0.175920667	0.189841961	0.158508015	0.163957907	0.176182242	0.120656979	0.136763218	0.145097621	0.154964968	0.121167834	0.159376553	0.2009415	0.145427917	0.162436948	0.176649962	0.248292822	0.200787789	0.186689954	0.171228572	0.163914224	0.179969266	0.178955089	0.219526996	0.163680365	0.170455623	0.183311458	0.168465619	0.152061581	0.142061212	0.183570153	0.178162551	0.172759852	0.16652693	0.214399799	0.165425713	0.15633043	0.20032003	0.181482091	0.177101364	0.191454441	0.134048004	0.153681213	0.210361664	0.165267955	0.206303552	0.263141802	0.163792255	0.284879314	0.171666751	0.216688642	0.164136092	0	0.11862757	0.148236652	0.153188472	0.221135175	0.142365377	0.206116382	0.177912002	0.178394197	0.123871268	0.166582762	0.174897519	0.17620721	0.172581974	0.192600964	0.169710519	0.14874063	0.149346572	0.145056407	0.147584194	0.188305084	0.212748069	0.20519608	0.178556111	0.202940129	0.191913725	0.161748011	0.179154877	0.172881849	0.17757248
18S_TGP_6_9	0.187186374	0.177938056	0.154056129	0.236200936	0.159697291	0.142243351	0.232325922	0.207161732	0.250182234	0.239240915	0.247004695	0.248677146	0.184437457	0.23179791	0.254985596	0.232903139	0.245716941	0.215448531	0.235654593	0.187190359	0.232905239	0.204433043	0.227547181	0.190023814	0.229798422	0.199117843	0.212016339	0.182614369	0.230952255	0.239861264	0.23246122	0.19963143	0.180426589	0.244985252	0.21447764	0.185478268	0.162477825	0.215152195	0.176897364	0.175373271	0.249188108	0.238109755	0.188802497	0.187324125	0.220625046	0.183150288	0.220842365	0.220063902	0.151656845	0.140871294	0.233596836	0.189752381	0.150136182	0.170771623	0.25754668	0.237779447	0.240379592	0.202878284	0.256163358	0.180872082	0.241899639	0.253893304	0.240318203	0.242626597	0.207517451	0.215002219	0.166592684	0.194543663	0.20766697	0.169750134	0.224147395	0.190292328	0.215768654	0.09719045	0.252408347	0.215873683	0.189676424	0.206831626	0.213835114	0.167416675	0.227811019	0.175658726	0.149713122	0.18417827	0.179107677	0.176290271	0.17453302	0.206395631	0.196258174	0.139960687	0.211088393	0.205092667	0.150506618	0.203520239	0.172670965	0.187132487	0.141110466	0.187241913	0.1381271	0.198949109	0.336037975	0.126406109	0.242666588	0.216137075	0.155136729	0.199432221	0.166086167	0.166686236	0.185097325	0.214400931	0.142763534	0.229303756	0.137176267	0.186399875	0.233684549	0.24084993	0.221031272	0.206913742	0.211134779	0.25806124	0.215317512	0.248832381	0.233015284	0.193110474	0.204309855	0.208804199	0.190356298	0.19263336	0.139074842	0.226713385	0.192420805	0.197045819	0.214961849	0.199004103	0.191273818	0.203499423	0.202216668	0.196488864	0.200833723	0.224404975	0.196888014	0.187005475	0.198559627	0.19007534	0.180097513	0.183937783	0.171393239	0.200182506	0.216835952	0.241512125	0.248873979	0.22053343	0.261395944	0.262542794	0.244197522	0.237206497	0.233233455	0.211864082	0.21896444	0.184887403	0.191196365	0.163727994	0.201745889	0.219656126	0.15948371	0.201277095	0.240612788	0.199985752	0.186798092	0.212433164	0.267913832	0.225555058	0.232078032	0.216935819	0.206606731	0.227513711	0.226614176	0.266465775	0.219260631	0.217072736	0.229435432	0.222429399	0.186529996	0.189382397	0.211482601	0.22629418	0.236697425	0.222615734	0.21814001	0.212823289	0.20029361	0.21521517	0.199312439	0.199224742	0.189674617	0.177258776	0.184707044	0.205075352	0.143701719	0.222742365	0.193238595	0.169720583	0.238061508	0.195330952	0.17490823	0.14937994	0.11862757	0	0.179046342	0.185577059	0.262306217	0.161406574	0.213642318	0.209513677	0.183487052	0.108201606	0.206776274	0.223693427	0.208443561	0.248229952	0.238173783	0.159139179	0.213205692	0.181502048	0.182698919	0.201926677	0.242264585	0.239720532	0.236871729	0.23434816	0.25553738	0.234240182	0.228192658	0.211074645	0.2172421	0.226664178
18S_TGP_7_10	0.136247208	0.191994373	0.188426514	0.168067124	0.212713961	0.199167426	0.217053168	0.169683079	0.194236303	0.186013899	0.187702704	0.16411522	0.140101517	0.149157555	0.169187657	0.158305432	0.201592399	0.13389916	0.174256741	0.15035952	0.158765828	0.153709857	0.189142677	0.230734236	0.141255076	0.130824707	0.155088525	0.250571081	0.186972279	0.20126746	0.190392897	0.2224797	0.288452153	0.205570127	0.217186756	0.168290312	0.215608828	0.184308828	0.197069033	0.145849318	0.198635219	0.167342971	0.273648645	0.194022888	0.159033356	0.19112079	0.194139504	0.192295028	0.204003008	0.200806564	0.194130989	0.21075125	0.166552003	0.235575824	0.199765594	0.171789559	0.188272246	0.154013462	0.209154466	0.237011215	0.215118717	0.202797771	0.208768259	0.160977741	0.143531583	0.122669879	0.190814743	0.232034769	0.160737446	0.170056037	0.17765724	0.134698646	0.164404604	0.168665049	0.17659937	0.214933963	0.221861459	0.174900354	0.129882632	0.167448049	0.163020796	0.166778216	0.195481216	0.124014633	0.184477542	0.147844671	0.138352807	0.146498023	0.136292621	0.203504323	0.184275121	0.176088044	0.183877328	0.159633805	0.193231136	0.17090863	0.195291748	0.298471214	0.19934174	0.287543215	0.437869044	0.192643247	0.344252404	0.321064992	0.181011631	0.302630341	0.17213762	0.243691232	0.292408608	0.31760239	0.213278678	0.302917275	0.196221858	0.197744517	0.210310598	0.178038969	0.172070013	0.15535022	0.196846178	0.190953065	0.185413404	0.173342219	0.168068299	0.19056064	0.183773234	0.209222263	0.18568325	0.166176659	0.208613203	0.144774345	0.136933773	0.144850706	0.135757794	0.130002719	0.155878868	0.132927731	0.15561292	0.150785599	0.153492981	0.137204328	0.148944043	0.136539824	0.110210648	0.125094882	0.12138413	0.135344795	0.135894793	0.120890055	0.135718243	0.163882013	0.165428162	0.153904714	0.163202662	0.181369681	0.160403673	0.151970537	0.158566211	0.109713709	0.164770642	0.184483604	0.15242186	0.176912192	0.169493968	0.16181376	0.146766177	0.140793213	0.196206532	0.167402559	0.133505995	0.157596577	0.205486924	0.153023462	0.154211522	0.134324304	0.145261079	0.153401812	0.134136012	0.169659483	0.156623684	0.153843731	0.193404438	0.174606158	0.178152228	0.137413404	0.176045832	0.170199991	0.163324554	0.161611002	0.197659949	0.169572381	0.167611438	0.178874235	0.17653188	0.152815197	0.179338955	0.156071112	0.166304431	0.195833279	0.220653837	0.175451218	0.31402372	0.219363998	0.321864238	0.19083598	0.256459669	0.201909822	0.148236652	0.179046342	0	0.157541221	0.226018803	0.232777262	0.256082321	0.172363996	0.277318525	0.186115271	0.221330451	0.193650341	0.141027019	0.16262922	0.190032042	0.224580452	0.162829896	0.193095152	0.163778514	0.156993177	0.176918057	0.214563182	0.155273456	0.177388479	0.167924619	0.175457034	0.153835029	0.154991753	0.180094933	0.166466187
18S_TGP_7_2	0.170662534	0.194107859	0.186525581	0.199953408	0.25357912	0.204296131	0.208918567	0.194790083	0.179320461	0.192886526	0.206781657	0.19244727	0.146913529	0.173992132	0.206072128	0.20573315	0.201810959	0.176090113	0.226962099	0.162483822	0.202850067	0.153777749	0.175021703	0.245442014	0.182531212	0.176527283	0.175357932	0.319900728	0.183305559	0.227561426	0.2158561	0.196783539	0.314002121	0.231491881	0.25857714	0.194339473	0.223052001	0.195403401	0.260513275	0.160530005	0.221706097	0.193150192	0.304012401	0.219297736	0.189164129	0.203007441	0.207472674	0.196235615	0.268692535	0.239237724	0.212199174	0.229885718	0.183686987	0.207474128	0.213294148	0.206658812	0.191584167	0.158356596	0.213833042	0.26975995	0.202761713	0.205956771	0.229347606	0.201723866	0.181437504	0.153216338	0.195243488	0.239027403	0.173829487	0.192252283	0.210742537	0.165446338	0.182736157	0.226902793	0.199389183	0.181937232	0.189169986	0.191664712	0.164990296	0.210561228	0.210167473	0.196779237	0.183286084	0.157915153	0.234948837	0.162531147	0.147269946	0.174697873	0.191718893	0.259167051	0.195308739	0.228794083	0.202892054	0.200306998	0.240527802	0.224174577	0.226825303	0.336248222	0.25512807	0.357142526	0.48963404	0.267682081	0.392653368	0.357408681	0.200812989	0.333723619	0.22069237	0.290404637	0.323806916	0.364344424	0.241280925	0.377202485	0.225343515	0.198835864	0.162046428	0.193467478	0.183283316	0.168847609	0.22874499	0.200096519	0.188869035	0.21189372	0.193758278	0.188737551	0.24722349	0.176139873	0.184220319	0.188348547	0.197446735	0.169191053	0.188998452	0.187260873	0.18077382	0.182021864	0.140969036	0.162949374	0.202242306	0.17385089	0.162192494	0.153291575	0.20584825	0.146537274	0.152025104	0.101033875	0.128120793	0.191391373	0.123989015	0.14242237	0.163242269	0.148354944	0.209144076	0.103634057	0.189549441	0.165733145	0.150092819	0.178492593	0.186837982	0.138615376	0.20694901	0.23987561	0.163338269	0.205069334	0.188330551	0.20177546	0.183015603	0.156256541	0.202217921	0.185036851	0.100045768	0.162133934	0.180605609	0.137413726	0.162751588	0.159763289	0.192996399	0.16282908	0.172485619	0.195537826	0.167045334	0.171859004	0.170656489	0.159209879	0.179327781	0.114986057	0.219006436	0.172016391	0.179887618	0.16537876	0.258040553	0.207831794	0.209298853	0.248007435	0.233139245	0.232667607	0.246152947	0.187779958	0.218324714	0.265927427	0.231056689	0.224004391	0.353842736	0.225712036	0.391086967	0.201708523	0.334568444	0.239169675	0.153188472	0.185577059	0.157541221	0	0.17843112	0.186093383	0.247966055	0.083161292	0.238924433	0.20356993	0.185862563	0.214862621	0.14244437	0.180920818	0.204767579	0.2717706	0.170414266	0.20603983	0.226659273	0.202798727	0.22795144	0.22763262	0.173091995	0.2119183	0.199508278	0.20900658	0.173656022	0.138636324	0.191182051	0.170069338
18S_TGP_7_3	0.233738951	0.263064923	0.266751423	0.260827669	0.329776583	0.268810026	0.231180576	0.23002839	0.17349896	0.236845343	0.24611733	0.23866347	0.213973633	0.236043708	0.247427064	0.246588573	0.251027806	0.246659417	0.264541613	0.210826094	0.239248317	0.194579467	0.229905075	0.279102133	0.217591021	0.224257197	0.179291266	0.343160975	0.212997126	0.243261541	0.224083747	0.235350606	0.351219817	0.22784957	0.280574825	0.249137703	0.266994448	0.231575235	0.291186895	0.218851941	0.245099304	0.263189399	0.337237849	0.259826009	0.22333446	0.27810686	0.23789584	0.262351048	0.307928305	0.300854537	0.257475501	0.266658799	0.232847521	0.293438968	0.255568657	0.243397899	0.236562046	0.205290752	0.247180446	0.291783039	0.22415493	0.259717109	0.250177646	0.258094079	0.181926554	0.138729887	0.240212372	0.131902195	0.166138812	0.201797006	0.168316732	0.201210759	0.154720262	0.267539241	0.235334781	0.297599369	0.287856036	0.239285251	0.205223789	0.249361276	0.258984441	0.229449248	0.269239828	0.20072698	0.272695508	0.1938591	0.178066517	0.235056735	0.235791965	0.29692374	0.243165927	0.260745427	0.238456175	0.227603506	0.277134946	0.257343205	0.271561047	0.371693871	0.289252722	0.3817065	0.509194776	0.299059482	0.439155578	0.400177576	0.252216363	0.411751811	0.264244284	0.328874863	0.389887199	0.403850899	0.291106535	0.404599087	0.294077649	0.27707196	0.266192252	0.262498142	0.269486791	0.254347209	0.269425959	0.24951976	0.263549694	0.271851275	0.248074418	0.262614131	0.303712677	0.275520578	0.258289616	0.23792812	0.260713031	0.217822407	0.229933949	0.238278174	0.235331859	0.249430847	0.241502912	0.209951105	0.240561553	0.266250688	0.196460483	0.212227339	0.267226723	0.203675414	0.19382421	0.191060852	0.206718519	0.239419108	0.201581261	0.235296196	0.21218962	0.267250049	0.250121101	0.235170231	0.13023939	0.103294176	0.145635069	0.21464023	0.204027492	0.218632517	0.261324983	0.305222456	0.212361156	0.239464658	0.24901681	0.251743275	0.226353867	0.224341478	0.257756599	0.2371114	0.201785952	0.135423178	0.143035427	0.166336543	0.15398594	0.178174009	0.20099919	0.17427342	0.152708687	0.155811874	0.207685053	0.238362329	0.242559213	0.222511636	0.236950674	0.185874941	0.270109763	0.210524168	0.252029434	0.210430848	0.292184728	0.25714065	0.270665177	0.29307245	0.284016667	0.287789472	0.297411488	0.272260914	0.259281501	0.299210774	0.186199477	0.199356571	0.393822455	0.128731223	0.41172165	0.183018763	0.357641305	0.230045614	0.221135175	0.262306217	0.226018803	0.17843112	0	0.301042078	0.130726602	0.16310518	0.352194637	0.260122761	0.086446427	0.246482288	0.184170636	0.227254868	0.243399984	0.29648943	0.219443874	0.240133622	0.268697882	0.24044687	0.268378385	0.249133208	0.187254312	0.275599888	0.243595487	0.243586114	0.241782083	0.186086684	0.231813041	0.155567861
18S_TGP_7_4	0.185323177	0.16810987	0.129804023	0.239176809	0.133072116	0.131880889	0.247387391	0.224270428	0.290288605	0.244691349	0.253935649	0.251319443	0.225242821	0.246519737	0.2605382	0.239219906	0.25269272	0.210311737	0.242338101	0.227888136	0.264229538	0.246546908	0.237892749	0.198524199	0.244306487	0.236305109	0.254722253	0.218680632	0.242659276	0.260626928	0.252806782	0.204370409	0.223693666	0.263968276	0.251031468	0.194524846	0.174961203	0.238554188	0.23780605	0.193508389	0.265458908	0.235059232	0.204333019	0.196062281	0.236429408	0.176138159	0.237281885	0.209995386	0.175090678	0.166518665	0.250071822	0.203273417	0.153509728	0.144514728	0.267660588	0.246802916	0.244445327	0.223861241	0.263868686	0.185812264	0.253990126	0.263075766	0.250038694	0.246793407	0.25991195	0.255722592	0.196941713	0.230660645	0.26724482	0.232554642	0.275464109	0.223281483	0.264234826	0.179427953	0.267228243	0.126830121	0.158988507	0.219672513	0.243835197	0.169709136	0.235677164	0.186346638	0.142123253	0.220887647	0.268067903	0.233581805	0.222218495	0.223792273	0.223428771	0.196157364	0.244517609	0.236830778	0.230871011	0.220383781	0.193923467	0.228332949	0.134534469	0.234021551	0.180571919	0.254666135	0.388275579	0.193601573	0.28226033	0.253101669	0.164995118	0.211749643	0.224117565	0.186299582	0.205533039	0.259754372	0.150825131	0.275016958	0.142171331	0.172448181	0.223175572	0.246627416	0.220467005	0.189824097	0.220977486	0.273924979	0.204084753	0.257585672	0.238747259	0.189050136	0.254018132	0.170136491	0.190909361	0.205534142	0.181362059	0.257721876	0.201095095	0.212552195	0.232152646	0.196733927	0.164370505	0.234334959	0.225524366	0.162974664	0.235090312	0.24600299	0.217616432	0.214128929	0.238710074	0.21034324	0.21605083	0.198642268	0.170441296	0.198939811	0.248612516	0.191191122	0.268627733	0.151492921	0.302066714	0.305625758	0.280099969	0.249838677	0.286086966	0.235944604	0.237419111	0.242833912	0.204551843	0.208454602	0.202096513	0.237599319	0.215843995	0.217846716	0.253366734	0.216489077	0.199096442	0.253986138	0.306488711	0.263915971	0.276824995	0.264674684	0.26579494	0.275782045	0.270844753	0.305818691	0.228831504	0.209137666	0.213660983	0.217183454	0.212554701	0.232495549	0.236726799	0.236244284	0.235720953	0.239345926	0.274151443	0.225421515	0.217128554	0.2649085	0.247360038	0.238397543	0.252489253	0.190604069	0.236769302	0.273068823	0.186267985	0.282652514	0.27321214	0.228472935	0.301975712	0.264145316	0.237562001	0.209054045	0.142365377	0.161406574	0.232777262	0.186093383	0.301042078	0	0.251080923	0.190449085	0.094914712	0.184913044	0.246480211	0.242761302	0.242552389	0.260564946	0.254562792	0.232180684	0.23643347	0.190753414	0.21213211	0.210380475	0.252927494	0.248095079	0.276743992	0.24590587	0.262190213	0.240392664	0.232760436	0.251472496	0.225339499	0.26646077
18S_TGP_7_5	0.235503096	0.241137258	0.23264434	0.283294389	0.264460394	0.214840593	0.280847143	0.238402436	0.210386326	0.266750322	0.272737801	0.272467726	0.234645222	0.268512875	0.283138893	0.266322765	0.280116031	0.270120502	0.272605247	0.227691123	0.250865655	0.222172977	0.275517797	0.23510146	0.252641604	0.2575432	0.207904721	0.288958273	0.283129331	0.292935674	0.303246987	0.246705819	0.308048421	0.294466101	0.286940965	0.26668355	0.241163334	0.254033694	0.2978491	0.250097904	0.286813673	0.290519169	0.289001023	0.234281842	0.26394105	0.268064861	0.278047329	0.27553872	0.243836703	0.252363439	0.292983601	0.240523838	0.190930924	0.253555043	0.279340703	0.261528064	0.268191651	0.254407688	0.276470023	0.230529202	0.274873072	0.286313828	0.266786985	0.282290504	0.187646876	0.169434912	0.242995049	0.056084208	0.191961743	0.184242952	0.163257817	0.21976716	0.239358499	0.228636843	0.294146662	0.303764521	0.288525519	0.259367949	0.23903272	0.219738934	0.272941693	0.224173509	0.238492903	0.236312118	0.307256437	0.211256057	0.207819866	0.260818636	0.244658614	0.263462209	0.279110936	0.281483541	0.278710251	0.224697124	0.217003445	0.263846163	0.213355184	0.314216541	0.232015702	0.318835307	0.44460683	0.238344373	0.374355226	0.335396069	0.22988141	0.344287979	0.272072183	0.261437923	0.324320946	0.343152996	0.225816766	0.340325613	0.231825437	0.249101172	0.303395467	0.288538841	0.282597985	0.272347532	0.253845683	0.297262089	0.278488197	0.292796318	0.268531555	0.25793897	0.315873124	0.277028207	0.261594679	0.253425997	0.271441765	0.25702466	0.240595928	0.255092179	0.250809597	0.257139213	0.246268094	0.23528234	0.261130675	0.271098597	0.219879839	0.240293271	0.274893667	0.219659285	0.217816122	0.229366879	0.226528559	0.259447543	0.24464558	0.252614997	0.244209934	0.292214458	0.2742746	0.266463579	0.153280797	0.167701175	0.182311899	0.242492336	0.230270305	0.253841099	0.271702171	0.312958039	0.240687894	0.260438481	0.254973218	0.271054092	0.247864391	0.25675667	0.28470685	0.25873359	0.23723052	0.14885744	0.166952667	0.204195044	0.189244446	0.213304786	0.22303442	0.201119965	0.175648272	0.180946152	0.230821333	0.272021201	0.262364811	0.253950094	0.251147968	0.223634181	0.284984153	0.239636288	0.273645448	0.238906677	0.303680167	0.26667797	0.277403308	0.302372644	0.29394643	0.297661848	0.307193891	0.279485762	0.28293615	0.310160657	0.132097138	0.198201088	0.334952804	0.089899096	0.373038975	0.218878952	0.29849565	0.191520297	0.206116382	0.213642318	0.256082321	0.247966055	0.130726602	0.251080923	0	0.194065353	0.295688024	0.244560412	0.121702836	0.270162991	0.218347874	0.277129969	0.275505236	0.271425241	0.261870958	0.237810529	0.275453399	0.241851194	0.277714033	0.268037391	0.221248959	0.285088922	0.277151303	0.266345313	0.263146659	0.248357385	0.245284818	0.173876539
18S_TGP_7_6	0.166302899	0.184720342	0.181209776	0.187229919	0.246237897	0.201855487	0.241920803	0.197922188	0.177434626	0.193108655	0.209872441	0.192508493	0.171895883	0.174365284	0.2098352	0.215610027	0.20268169	0.172797745	0.234117291	0.161293586	0.20849909	0.17118437	0.200213965	0.252527376	0.19685079	0.212976264	0.17774547	0.332586187	0.221116452	0.260742603	0.250351774	0.224954558	0.338536438	0.267830396	0.286973852	0.203381896	0.236127616	0.212655018	0.273870231	0.207144197	0.246946129	0.192107877	0.318115669	0.233267509	0.20384207	0.219159452	0.241721011	0.212362084	0.272021284	0.255997169	0.241315831	0.244614	0.186549529	0.23407492	0.215804142	0.208884032	0.1944057	0.191877151	0.214544867	0.27410296	0.222863841	0.203847667	0.235237263	0.194150181	0.142409414	0.111043975	0.235633108	0.191657076	0.157908768	0.199472409	0.160972503	0.162935259	0.209077711	0.252773372	0.222964083	0.189642074	0.201661041	0.220898473	0.167587198	0.210099887	0.214248707	0.205431259	0.192267055	0.17626653	0.26866982	0.163925666	0.166438074	0.186053809	0.197655433	0.275499214	0.234380514	0.24342446	0.2445044	0.205245802	0.249322019	0.230341595	0.23268287	0.345142907	0.264627979	0.363072324	0.495769775	0.27627781	0.391695846	0.360823755	0.200619079	0.330962273	0.22483721	0.292211529	0.319099502	0.371675185	0.236908597	0.382810403	0.221647552	0.192650961	0.171212202	0.187114187	0.184333108	0.163797705	0.233257447	0.223746081	0.180631608	0.212794194	0.198970028	0.202225686	0.25207191	0.182136139	0.198062531	0.208810329	0.22296068	0.176496009	0.190974405	0.2011433	0.181616523	0.181157949	0.143619766	0.159128752	0.218140928	0.174823088	0.159811641	0.146241128	0.199111755	0.147331794	0.153728743	0.119460787	0.144201892	0.195781903	0.154016073	0.144222506	0.176087066	0.140064238	0.20752595	0.09743699	0.137777073	0.150279329	0.117356528	0.175554076	0.170290428	0.147612606	0.210896676	0.238237738	0.185276633	0.226446815	0.192972934	0.219481235	0.204047132	0.160096029	0.211843634	0.200102948	0.090579614	0.102110202	0.15627061	0.1207681	0.110217276	0.139380645	0.185291142	0.12922592	0.124841678	0.143521083	0.165153716	0.179032104	0.174328877	0.160632603	0.188140095	0.144759873	0.227140449	0.177212003	0.182381822	0.172518034	0.262284478	0.210804648	0.209003003	0.255008193	0.241479151	0.233596548	0.249756212	0.184299894	0.236123657	0.271197871	0.226942206	0.225045485	0.362735345	0.174798091	0.414366225	0.240606282	0.343181502	0.256243638	0.177912002	0.209513677	0.172363996	0.083161292	0.16310518	0.190449085	0.194065353	0	0.255047158	0.196797115	0.179545235	0.235861472	0.157506191	0.213342452	0.219549913	0.294598475	0.206049307	0.209749066	0.228209155	0.198537262	0.231553815	0.235759214	0.172992857	0.228053534	0.209338545	0.207091883	0.184329253	0.180788905	0.199237353	0.140109624
18S_TGP_7_7	0.231298044	0.215508066	0.177878538	0.266157989	0.167167623	0.178329436	0.266365643	0.27242122	0.350541828	0.28772823	0.287690514	0.30392981	0.276440528	0.295945149	0.307732152	0.295482796	0.283320404	0.259544921	0.274701508	0.281153471	0.307305539	0.302976962	0.264684067	0.22584319	0.301826403	0.283902307	0.295595606	0.240097669	0.261926303	0.274916634	0.267863355	0.229221032	0.24307052	0.280268528	0.263492237	0.214424402	0.198521016	0.272679653	0.273508628	0.24278166	0.288381574	0.262243408	0.225608173	0.215925652	0.263013921	0.193171135	0.252417495	0.225973525	0.201608331	0.17620335	0.265978992	0.224739336	0.198469408	0.157379604	0.294029939	0.285685267	0.286314653	0.28257877	0.300393827	0.212804509	0.285200253	0.288597622	0.277191024	0.283236959	0.290999223	0.296678834	0.205502116	0.267066763	0.278358127	0.245565966	0.302593497	0.260052267	0.293387532	0.197637897	0.301146849	0.144631538	0.164929613	0.245828464	0.29280617	0.223961217	0.277791708	0.241161136	0.194000738	0.255126563	0.286792599	0.279913507	0.25629643	0.24963659	0.259499072	0.234488985	0.232179304	0.250833972	0.244184444	0.265571053	0.206634791	0.26484284	0.176570756	0.250843194	0.21599076	0.270898106	0.408930921	0.221540019	0.305277016	0.27256993	0.195408917	0.231475699	0.243524635	0.20488712	0.232147363	0.270144499	0.176058845	0.287481319	0.161016821	0.1988133	0.243597229	0.275300585	0.247157815	0.221222556	0.247028239	0.293389771	0.230960216	0.284147361	0.269731057	0.211757944	0.270024873	0.18999991	0.205951735	0.228755786	0.206200738	0.297004404	0.255875513	0.251425403	0.273756073	0.235677184	0.207121999	0.275299972	0.262938808	0.203340068	0.290206386	0.293847627	0.246061639	0.267963903	0.28429311	0.259908687	0.271897595	0.243080183	0.209259119	0.238291163	0.294990282	0.231068403	0.294944291	0.200780924	0.344878871	0.352960706	0.335151633	0.29679712	0.311653261	0.29143403	0.255291718	0.272570276	0.237449328	0.229337286	0.232748578	0.273169708	0.25079265	0.267100374	0.271161732	0.247670094	0.257557888	0.300646745	0.367842998	0.320692913	0.317405555	0.303743517	0.273619516	0.310851441	0.311462209	0.352460169	0.283209366	0.25467503	0.253340478	0.27210219	0.257876547	0.279626307	0.259551738	0.289633224	0.265586621	0.286681058	0.300353641	0.261806498	0.242680764	0.288558621	0.270832	0.256517542	0.276786724	0.221274199	0.266143849	0.299586331	0.232599444	0.315306349	0.30724662	0.274141941	0.31163233	0.278519434	0.252464866	0.237509321	0.178394197	0.183487052	0.277318525	0.238924433	0.352194637	0.094914712	0.295688024	0.255047158	0	0.225424704	0.301380483	0.258785939	0.301590504	0.300324775	0.27678099	0.24929659	0.260547545	0.235406786	0.245984932	0.242131916	0.279105623	0.277315143	0.335323539	0.268364854	0.300906639	0.275535061	0.284447062	0.306426324	0.267249307	0.311562627
18S_TGP_7_8	0.159454523	0.166084787	0.153788944	0.225252997	0.184462059	0.155278604	0.236145622	0.194561504	0.275870761	0.229279422	0.243854687	0.238732954	0.20412423	0.22937905	0.247210349	0.232470013	0.236980632	0.193588428	0.221184711	0.20656403	0.2327704	0.225733268	0.220685413	0.208603386	0.218027798	0.222923781	0.20596222	0.219152207	0.23271934	0.238415023	0.228715066	0.207258473	0.193098811	0.248498255	0.221059475	0.177046414	0.181091503	0.210728261	0.173731139	0.18034121	0.252495037	0.222784868	0.233182564	0.213292972	0.224840099	0.180385332	0.219590222	0.209117428	0.184245501	0.169197925	0.229546153	0.215473181	0.144573904	0.199925838	0.253452087	0.228456779	0.231607222	0.209415976	0.249436708	0.2200473	0.244825873	0.245592266	0.239025885	0.231002046	0.203711325	0.214921444	0.203315778	0.224551583	0.212800042	0.20650619	0.22037363	0.177786504	0.207531101	0.1441056	0.25772445	0.197214694	0.180906355	0.202730879	0.214018243	0.175939511	0.216122493	0.18121948	0.164842232	0.184043844	0.178623406	0.201745507	0.171751894	0.200844148	0.174550839	0.169423215	0.22221941	0.202424474	0.156039056	0.190206754	0.210552977	0.168080156	0.173556976	0.193066231	0.179747471	0.19798629	0.334723915	0.158836635	0.231136105	0.204896918	0.135513963	0.19114038	0.150753432	0.195027438	0.183955198	0.208351999	0.167243154	0.226830325	0.154854469	0.183280268	0.234729359	0.233931242	0.212259582	0.190762667	0.214885212	0.262167343	0.195612465	0.241141506	0.219128605	0.189514613	0.194038939	0.195850034	0.180998106	0.193616277	0.133923751	0.22666648	0.182510429	0.189725716	0.19201952	0.183080319	0.15068354	0.198603995	0.19884555	0.168585067	0.190684354	0.194477305	0.172942241	0.183762181	0.20154075	0.185536036	0.185404964	0.172486532	0.143522971	0.168460778	0.204110645	0.208940413	0.239182899	0.171584841	0.251632157	0.266248835	0.242910859	0.211049482	0.229646438	0.204382702	0.212162366	0.135016444	0.183635866	0.171835409	0.181641551	0.212731362	0.16906166	0.192714783	0.233818901	0.193023914	0.189309717	0.196411229	0.268226846	0.231750927	0.228761193	0.215343731	0.216286847	0.218702942	0.212240884	0.258825064	0.187286359	0.202036276	0.203519335	0.196091699	0.165538649	0.199629604	0.205651509	0.193085818	0.216441938	0.198733238	0.211444049	0.196606793	0.181559268	0.204288097	0.189128985	0.183185114	0.168387575	0.151287919	0.180327737	0.181450494	0.215791649	0.26185041	0.208614636	0.176655342	0.272093125	0.261489515	0.216163315	0.242007613	0.123871268	0.108201606	0.186115271	0.20356993	0.260122761	0.184913044	0.244560412	0.196797115	0.225424704	0	0.225901029	0.225173662	0.220270189	0.244309518	0.235741928	0.187085856	0.208041622	0.172011661	0.174221815	0.196019154	0.236302618	0.236393747	0.261663858	0.225475811	0.249748449	0.227318441	0.210802966	0.240173885	0.204062084	0.21911306
18S_TGP_7_9	0.22749246	0.232169171	0.214762526	0.278316385	0.276900586	0.21682113	0.22304216	0.218984281	0.19724169	0.253356455	0.255179041	0.254191198	0.20293613	0.250943063	0.264719114	0.231433763	0.26595278	0.2519199	0.25280192	0.190277918	0.237114234	0.180555547	0.238987988	0.226069772	0.223607217	0.201543511	0.171740367	0.288250431	0.221436304	0.233933096	0.233421673	0.20295118	0.2949432	0.224089149	0.241603104	0.240895253	0.210445726	0.225799877	0.255471108	0.177891142	0.250456496	0.280740899	0.284349975	0.220832189	0.239287553	0.234980725	0.222383895	0.25571662	0.250698234	0.247704527	0.250346134	0.218954286	0.178720479	0.241751227	0.271148779	0.244533416	0.255214752	0.196628756	0.263889607	0.237225337	0.241213271	0.278447606	0.247067513	0.271892154	0.184947655	0.142266609	0.192853354	0.112676377	0.163554965	0.145585479	0.156990841	0.18773099	0.167217169	0.206643016	0.255224123	0.282965364	0.2629542	0.218764806	0.222246739	0.201225232	0.248608359	0.19176864	0.211665067	0.205020907	0.258322689	0.174814664	0.176258578	0.242561322	0.225232129	0.253486553	0.235474905	0.247068626	0.223317487	0.208463458	0.228227504	0.243215591	0.215577892	0.315375654	0.236995981	0.326828502	0.45472455	0.241909511	0.381874194	0.344861958	0.209399014	0.355055063	0.252533178	0.272344694	0.334165073	0.350365746	0.233969628	0.346996643	0.237130312	0.24056267	0.285103705	0.28135534	0.275924257	0.263543287	0.242471167	0.263545703	0.272738174	0.283730893	0.253461386	0.235779161	0.294434819	0.261285994	0.236504782	0.221390743	0.21755149	0.231251436	0.212371248	0.226252882	0.234372546	0.2378888	0.229018848	0.222144587	0.229456575	0.251392427	0.17398692	0.227709609	0.253044683	0.193245848	0.198142576	0.197254021	0.198439008	0.227107315	0.192992773	0.240722775	0.21384746	0.286986943	0.263666381	0.249493716	0.1527146	0.123837119	0.151362228	0.226656952	0.217120382	0.227333771	0.252438919	0.293707216	0.206931325	0.220022878	0.238561794	0.240551926	0.205672855	0.231788747	0.267874239	0.229391821	0.20826211	0.135492787	0.166223491	0.173055516	0.167847046	0.19148528	0.194383255	0.188031245	0.157662433	0.165648133	0.208833453	0.249048479	0.245266082	0.232661175	0.225554495	0.180594893	0.258124949	0.220499854	0.264070308	0.224459793	0.275488648	0.241303043	0.257716249	0.277414459	0.269770906	0.273720629	0.283862	0.255056581	0.245003283	0.284446114	0.148354054	0.174538015	0.338431882	0.092716178	0.357474482	0.135094553	0.303778029	0.168716714	0.166582762	0.206776274	0.221330451	0.185862563	0.086446427	0.246480211	0.121702836	0.179545235	0.301380483	0.225901029	0	0.235936436	0.180979821	0.239345	0.257802117	0.248708356	0.223014368	0.212825555	0.240733015	0.224569943	0.256612212	0.243027976	0.187150164	0.26360454	0.256703665	0.250692625	0.235641802	0.194070234	0.220820021	0.162675688
18S_TGP_8_1	0.127086293	0.137212467	0.163821287	0.111529764	0.221124919	0.153663066	0.129169946	0.112633295	0.215978828	0.125339597	0.098187622	0.147239341	0.164303434	0.148837134	0.16287735	0.128983253	0.108557805	0.166200558	0.098926766	0.169153809	0.121883738	0.148353153	0.115284618	0.112921256	0.110563205	0.115706107	0.136246009	0.182004746	0.139304557	0.154727646	0.151794285	0.119996116	0.235579664	0.143639918	0.118058126	0.106333636	0.129648733	0.065556843	0.158445419	0.151953767	0.116441502	0.123545375	0.2292104	0.156123095	0.104248639	0.156295469	0.132978523	0.135872343	0.167360099	0.172982416	0.155086162	0.155834066	0.149899096	0.200008159	0.099381374	0.094300485	0.087329449	0.14171779	0.106759981	0.109466153	0.116084279	0.108913423	0.099488941	0.090967984	0.195093724	0.213048482	0.191256316	0.248854604	0.191237848	0.213469328	0.223480409	0.18987981	0.192292368	0.204495505	0.152514664	0.163219415	0.192916642	0.115895739	0.130937848	0.152660117	0.133331339	0.112225514	0.183087211	0.121545964	0.155022655	0.181781997	0.132305053	0.148288371	0.144507686	0.198387733	0.14909465	0.11104389	0.155081828	0.148356467	0.149268484	0.114246587	0.169712169	0.255015803	0.227422046	0.25597695	0.414482474	0.175357923	0.329738262	0.294180882	0.130640115	0.300846647	0.116602191	0.18990887	0.273277223	0.289421758	0.157309017	0.273004467	0.162632288	0.153350922	0.140145932	0.125811966	0.147065154	0.147316907	0.158030546	0.12282424	0.145360066	0.133723897	0.097898525	0.142825276	0.163799101	0.172948207	0.130604054	0.100848245	0.159280584	0.159667457	0.110793417	0.132016262	0.127480491	0.115619236	0.140044117	0.152402387	0.11948747	0.140406927	0.159176666	0.161784369	0.136797941	0.138036356	0.152243524	0.179830463	0.169106204	0.123366563	0.142560862	0.158671737	0.160619564	0.206864483	0.187765232	0.19990308	0.227700925	0.227092598	0.214519005	0.164308341	0.203420635	0.203355308	0.116403581	0.191786234	0.10345548	0.101630209	0.113422916	0.116058626	0.136321446	0.139610468	0.120576333	0.100787312	0.209868888	0.188794452	0.261320385	0.20107187	0.193740272	0.180380674	0.172134419	0.18539841	0.191120284	0.229335155	0.125104149	0.14216026	0.139057635	0.147693097	0.160157027	0.178188416	0.105976828	0.134927968	0.125769756	0.126753821	0.160536404	0.141567533	0.114590146	0.136593326	0.121208839	0.121323846	0.145842711	0.135975195	0.126406998	0.150952044	0.232514104	0.236431746	0.344708696	0.242924794	0.340135627	0.235932951	0.270055933	0.241486865	0.174897519	0.223693427	0.193650341	0.214862621	0.246482288	0.242761302	0.270162991	0.235861472	0.258785939	0.225173662	0.235936436	0	0.123116706	0.119859374	0.09671203	0.135251572	0.121190286	0.100049533	0.123656601	0.089818704	0.055702411	0.069703548	0.189644924	0.105658884	0.123758852	0.091247323	0.129642706	0.156005312	0.074465152	0.158740942
18S_TGP_8_10	0.135439345	0.148434582	0.176983624	0.13386379	0.256581249	0.171664007	0.171618214	0.125345217	0.122372278	0.140652476	0.110974294	0.140079836	0.111199694	0.125073962	0.15825885	0.14433768	0.130176498	0.154839207	0.151187088	0.120971916	0.129962047	0.079767081	0.145177771	0.160497748	0.084738381	0.11563639	0.125371839	0.253004907	0.177183561	0.210689741	0.212383008	0.157755285	0.298594217	0.206233873	0.205797637	0.167633892	0.178565432	0.1118658	0.205805123	0.149251616	0.166058482	0.143843472	0.272815172	0.193519289	0.132547209	0.211346588	0.195542516	0.183459617	0.21835472	0.235445182	0.204391788	0.200044065	0.153645608	0.254050467	0.131762293	0.111992131	0.112900163	0.116459094	0.127336157	0.167539047	0.151597584	0.141596328	0.139666577	0.124172445	0.147109975	0.135531417	0.212161047	0.211140125	0.155716853	0.159505685	0.171906259	0.160499263	0.184861965	0.206306323	0.166878196	0.21982759	0.232816838	0.169665397	0.115516252	0.170089206	0.167028982	0.13626789	0.190515347	0.123504233	0.21227378	0.116668762	0.115014714	0.152231769	0.154588334	0.232517331	0.202308448	0.172841094	0.200905687	0.142426283	0.198458192	0.163798252	0.193662901	0.304475861	0.227692434	0.306380084	0.449929965	0.21735397	0.369831373	0.333709883	0.171626111	0.342289741	0.171032158	0.238105008	0.315989618	0.335362208	0.208237547	0.32846983	0.198603107	0.178501457	0.173997142	0.148267791	0.169311264	0.157755247	0.186596715	0.162344065	0.171918653	0.167325183	0.13828063	0.17551778	0.21870319	0.197870642	0.177181925	0.15795906	0.204886829	0.140475756	0.125314005	0.164226013	0.115445758	0.155888845	0.15258524	0.125641169	0.155135524	0.180552775	0.121990869	0.132944326	0.177876835	0.099678631	0.111542104	0.098139855	0.103379055	0.156242686	0.152678695	0.14138354	0.130918334	0.19598522	0.174789797	0.171745312	0.16186751	0.167933159	0.111356901	0.143515787	0.159912919	0.14144523	0.158300008	0.2223714	0.136671124	0.157364864	0.144603257	0.156621303	0.137296882	0.123416394	0.155481324	0.144912796	0.115349937	0.129781502	0.158580994	0.106418324	0.131421621	0.132964498	0.155995141	0.139145691	0.138930633	0.16898737	0.112978789	0.155550776	0.138981021	0.124184829	0.159903049	0.101421625	0.175624462	0.130231836	0.155467656	0.116184367	0.204399159	0.17187965	0.15658398	0.194718915	0.176754238	0.188878276	0.201178228	0.17731734	0.173495629	0.201608122	0.190683149	0.165137163	0.334798519	0.192627554	0.360563316	0.183269777	0.287037479	0.196892659	0.17620721	0.208443561	0.141027019	0.14244437	0.184170636	0.242552389	0.218347874	0.157506191	0.301590504	0.220270189	0.180979821	0.123116706	0	0.139200559	0.144200355	0.212575262	0.158597252	0.125518225	0.173935757	0.122198898	0.129454472	0.126648348	0.104068732	0.163620741	0.144241596	0.110616997	0.120652776	0.096042974	0.104265611	0.108065807
18S_TGP_8_2	0.117288181	0.168481101	0.188235923	0.139130994	0.226179712	0.18054348	0.139069084	0.127207733	0.201227888	0.113293561	0.114688372	0.100826667	0.161972521	0.11138255	0.093639685	0.105202803	0.125500971	0.119322368	0.094411452	0.197150943	0.101345911	0.138356906	0.10021239	0.18471998	0.088319196	0.118721033	0.100675502	0.208131843	0.121259336	0.13677514	0.148090286	0.142840585	0.276977145	0.13576503	0.150822614	0.134273495	0.170693841	0.121953587	0.187036414	0.142568671	0.109232456	0.113732494	0.25323064	0.146469342	0.0929431	0.154446038	0.132310348	0.152457774	0.200224953	0.181288154	0.136793193	0.166514388	0.163156967	0.230497629	0.131386063	0.103698201	0.121089599	0.141794806	0.137406393	0.189020764	0.126124023	0.141546487	0.138452329	0.116235008	0.15729571	0.181508869	0.15833993	0.26287774	0.145299413	0.187843092	0.183555802	0.141149931	0.155694465	0.208491204	0.106193182	0.2213118	0.234259975	0.105545467	0.095594086	0.155394824	0.116674944	0.124271389	0.218841469	0.099878163	0.155214223	0.185233479	0.128615782	0.109333566	0.119572701	0.183988836	0.131349749	0.113652498	0.173631595	0.104859139	0.149484251	0.139446928	0.196780065	0.311101959	0.230099198	0.294812606	0.44905418	0.196841292	0.375804412	0.336592708	0.174131391	0.34582215	0.167920069	0.239270234	0.316566828	0.333538534	0.214804584	0.308243269	0.201792801	0.1786405	0.14017805	0.136553367	0.13162081	0.139052911	0.158064016	0.103094749	0.159739223	0.108115732	0.101364401	0.161163578	0.193850126	0.195501282	0.158512314	0.11537173	0.188814768	0.08351622	0.109103809	0.105584027	0.103878536	0.113501634	0.150630882	0.117263227	0.113935419	0.14760446	0.16848931	0.111313977	0.150785395	0.128149183	0.102189456	0.157626988	0.151579896	0.120668308	0.133185106	0.1244972	0.098552888	0.143199371	0.127925387	0.159640583	0.154329604	0.151274422	0.169977408	0.095551362	0.136677406	0.139575983	0.103082258	0.212897009	0.101298392	0.133527823	0.148399238	0.092456415	0.15844361	0.140476913	0.136814431	0.120056541	0.185699844	0.17245686	0.230618744	0.174553906	0.14809988	0.132596583	0.130722495	0.147737727	0.164161788	0.156844567	0.110874092	0.131861674	0.143731466	0.13747424	0.170063196	0.156294875	0.144781839	0.122959684	0.099292941	0.102223103	0.167751553	0.137579976	0.150158968	0.152062478	0.155808882	0.159948004	0.178936952	0.162816231	0.142680129	0.177850689	0.252946679	0.207771667	0.366712621	0.259041131	0.319884708	0.203776319	0.255079272	0.244860332	0.172581974	0.248229952	0.16262922	0.180920818	0.227254868	0.260564946	0.277129969	0.213342452	0.300324775	0.244309518	0.239345	0.119859374	0.139200559	0	0.100032682	0.169439874	0.085211209	0.153030151	0.148099634	0.111772378	0.120448276	0.146601754	0.154996303	0.092809834	0.086452673	0.134170003	0.127107439	0.125300377	0.11920052	0.14328568
18S_TGP_8_3	0.120548747	0.143730143	0.169545802	0.109308206	0.224207144	0.163838021	0.114674661	0.106485422	0.204922111	0.088993979	0.091665852	0.104453966	0.148764985	0.131458278	0.127342611	0.134968919	0.095431139	0.147266941	0.100610978	0.191397099	0.110293585	0.136463491	0.08486236	0.14253888	0.104613493	0.133990111	0.133800301	0.184091699	0.117483005	0.159154	0.164446755	0.122500151	0.262160816	0.160867907	0.133432006	0.112359076	0.150393914	0.113257647	0.187423709	0.158966026	0.093134061	0.115333807	0.2236999	0.13790106	0.094370278	0.162722548	0.138156329	0.124179159	0.18647368	0.184392005	0.148597775	0.14137543	0.157527058	0.210908282	0.103133034	0.097552891	0.103052886	0.139892673	0.11166372	0.15059958	0.095413409	0.109305485	0.095341189	0.106885574	0.192387202	0.199882706	0.207135512	0.261883371	0.192043764	0.219979105	0.217423746	0.186734573	0.20384429	0.227518278	0.141856776	0.192923951	0.205196233	0.132261208	0.104619797	0.16552748	0.143608368	0.126602818	0.209457678	0.11331915	0.175093435	0.173543833	0.124332254	0.135986191	0.15486346	0.198690186	0.146970424	0.116763588	0.171796782	0.136196695	0.143016855	0.127123027	0.18999603	0.276846733	0.22592405	0.270800919	0.414568613	0.19746798	0.342494429	0.30835133	0.153240258	0.321184772	0.137128543	0.20135386	0.287318038	0.302817393	0.184558875	0.289334937	0.183750438	0.134880577	0.116092649	0.11423959	0.120592803	0.126288544	0.133099831	0.09877301	0.120146582	0.09625077	0.081915901	0.136546557	0.182586787	0.160020901	0.144029048	0.10968531	0.181295339	0.12982728	0.116752916	0.144195208	0.137953084	0.140465467	0.156192235	0.130202919	0.139269203	0.16404247	0.175140094	0.137813238	0.157350109	0.140218221	0.1339015	0.162671049	0.153801213	0.138107062	0.157838345	0.142462214	0.13916239	0.189176765	0.172475945	0.175559164	0.205113356	0.205321293	0.187117339	0.137592087	0.180714631	0.183966703	0.109723101	0.211410157	0.112676279	0.121018298	0.143950247	0.131598914	0.159147413	0.117250383	0.107115584	0.118009019	0.193665155	0.175597547	0.236165391	0.182977037	0.173935326	0.154834789	0.161133465	0.155924706	0.167729968	0.199401691	0.113304067	0.113372819	0.119440317	0.126544843	0.1685241	0.156481223	0.112323787	0.094976262	0.107268546	0.088822663	0.180069199	0.150795381	0.145189638	0.142658959	0.150583826	0.132933531	0.17245483	0.16363146	0.148404544	0.179588335	0.242223574	0.231454221	0.348059758	0.257545961	0.347583707	0.240639325	0.272959891	0.250885648	0.192600964	0.238173783	0.190032042	0.204767579	0.243399984	0.254562792	0.275505236	0.219549913	0.27678099	0.235741928	0.257802117	0.09671203	0.144200355	0.100032682	0	0.15146813	0.109380353	0.141693243	0.151978083	0.098800537	0.112445324	0.098203529	0.163621093	0.116170326	0.073629583	0.107544231	0.129847816	0.133686045	0.111638506	0.148464757
18S_TGP_8_4	0.182472021	0.190620458	0.184938263	0.214395927	0.188213305	0.167248559	0.178761526	0.15369414	0.281909001	0.183917766	0.186145094	0.200982861	0.200167178	0.210156038	0.214617746	0.18786434	0.191060626	0.216852698	0.14615651	0.21929897	0.173663671	0.194298623	0.161698336	0.157366186	0.183856501	0.156283885	0.179209733	0.115091643	0.186984533	0.196969124	0.202751557	0.157978251	0.167701089	0.183634425	0.123578916	0.162546556	0.127986448	0.170415251	0.127964069	0.184390745	0.174029893	0.212127576	0.184809778	0.168583359	0.171742735	0.176028045	0.174120047	0.179369246	0.127266669	0.137863587	0.192273583	0.16639195	0.156382	0.199314023	0.200974842	0.180299778	0.194212862	0.195327709	0.204409933	0.135037467	0.179737057	0.21580911	0.172125778	0.19784514	0.251039903	0.270890316	0.198909904	0.255755854	0.238900573	0.212374303	0.263318705	0.229947865	0.236201095	0.139865922	0.207690766	0.211363633	0.223046708	0.157338106	0.191831645	0.150494162	0.179681782	0.138820093	0.184817697	0.17210952	0.127420278	0.226666316	0.17138201	0.197477179	0.182808968	0.12456732	0.191777679	0.137790109	0.125980577	0.183028461	0.149997988	0.112587566	0.136911851	0.180653031	0.175046412	0.193312913	0.336890456	0.10474015	0.265851343	0.227964771	0.128377596	0.240209864	0.109055728	0.14899352	0.210930041	0.225674018	0.129784348	0.205402437	0.139484267	0.190767022	0.214085478	0.217247861	0.2107141	0.206907916	0.1955838	0.189528153	0.21013202	0.204652038	0.162379795	0.180942829	0.166499686	0.217628095	0.18021676	0.150892453	0.151860888	0.208804485	0.156651513	0.175982353	0.191240096	0.164127254	0.195701441	0.198185249	0.158749574	0.18826362	0.195108546	0.222706721	0.167679776	0.199749124	0.200118718	0.237716196	0.225325587	0.160929867	0.189204269	0.211955801	0.207508513	0.267216094	0.248481846	0.255728362	0.278300007	0.270112617	0.269951961	0.225018123	0.252760188	0.263224454	0.172979275	0.1735583	0.152254857	0.105215451	0.166222582	0.16121566	0.153414288	0.204172588	0.188001121	0.15098458	0.270365902	0.242862872	0.310079687	0.263949702	0.250757129	0.2326449	0.206810492	0.236287631	0.229401771	0.274109525	0.176233022	0.188177741	0.200630832	0.213979624	0.172575945	0.227503785	0.147948439	0.193719373	0.177932013	0.184407657	0.146274469	0.167646408	0.14582647	0.117628117	0.135333837	0.123449957	0.125730902	0.161395118	0.124846193	0.133598326	0.217491869	0.260733317	0.270627072	0.232625538	0.264945563	0.239484243	0.186283984	0.212531443	0.169710519	0.159139179	0.224580452	0.2717706	0.29648943	0.232180684	0.271425241	0.294598475	0.24929659	0.187085856	0.248708356	0.135251572	0.212575262	0.169439874	0.15146813	0	0.168428771	0.171771171	0.120376343	0.153510501	0.158109104	0.17220634	0.236865788	0.162614849	0.183095152	0.19217059	0.18976878	0.20872217	0.173244952	0.207294739
18S_TGP_8_5	0.110373516	0.164516894	0.164243469	0.143576523	0.191445906	0.155418589	0.13811599	0.127603705	0.21236392	0.134816343	0.133609646	0.123688417	0.142455797	0.11394363	0.113855653	0.113654646	0.135979796	0.104767861	0.103646997	0.185005736	0.112993316	0.148234814	0.107687288	0.166633204	0.113342141	0.125080579	0.10649297	0.188562283	0.097875831	0.118530143	0.116316069	0.126372949	0.242046676	0.117909087	0.135177397	0.104402733	0.152956722	0.116243723	0.174400124	0.131782635	0.102210864	0.103025792	0.221314962	0.108260605	0.090065255	0.127251826	0.097546502	0.124755836	0.169789572	0.146759796	0.102984086	0.137630552	0.12748258	0.190981229	0.147393537	0.113347626	0.1254997	0.146833946	0.149309665	0.183488356	0.132188307	0.141210929	0.145287655	0.132732985	0.142782277	0.183464547	0.146726808	0.243802714	0.134173211	0.166328723	0.17752881	0.138326976	0.132942597	0.187941038	0.105519021	0.189144744	0.190547237	0.081576309	0.093530628	0.122284186	0.092073658	0.118780694	0.190756698	0.060734242	0.122114631	0.161570174	0.102366406	0.081521276	0.097792168	0.140898694	0.071022508	0.090275953	0.136022536	0.094792304	0.098059846	0.118262612	0.15945671	0.266634658	0.194628723	0.256164869	0.414603571	0.16329366	0.334283231	0.290039273	0.123641691	0.309153079	0.115077246	0.192679563	0.273626837	0.292913981	0.171997288	0.270531929	0.161557187	0.153432452	0.149409603	0.136264008	0.112360724	0.119834758	0.135810226	0.1144999	0.153982172	0.107520031	0.093049381	0.135785626	0.159273057	0.17105764	0.122568728	0.097625326	0.158787813	0.099766987	0.106806131	0.087758579	0.096444619	0.097385437	0.135043639	0.109232456	0.095022066	0.11632825	0.157949527	0.113941629	0.123087585	0.123315984	0.104261597	0.151583836	0.123183111	0.092548853	0.112592958	0.124919852	0.095727576	0.140235516	0.143410155	0.155895087	0.165734995	0.152972126	0.18512885	0.106133052	0.14530071	0.139849855	0.078459992	0.182921849	0.081489723	0.112705179	0.116966257	0.086202736	0.136838142	0.13353156	0.125053147	0.107624013	0.179792585	0.167966962	0.231787429	0.180127355	0.159680211	0.139552124	0.131683274	0.149906327	0.168869673	0.163468242	0.128049247	0.125611183	0.12042944	0.129774682	0.150180407	0.131639677	0.130780488	0.127904837	0.103537664	0.114028843	0.163958454	0.124216429	0.128611105	0.148723546	0.140530818	0.151421657	0.169434897	0.138955123	0.127435035	0.168417028	0.229625243	0.189171578	0.329629184	0.239730425	0.303884379	0.180801502	0.248601571	0.224425738	0.14874063	0.213205692	0.162829896	0.170414266	0.219443874	0.23643347	0.261870958	0.206049307	0.260547545	0.208041622	0.223014368	0.121190286	0.158597252	0.085211209	0.109380353	0.168428771	0	0.139544324	0.13774682	0.109878254	0.123451693	0.148056236	0.169555586	0.106032907	0.107237316	0.137229384	0.131293881	0.14836044	0.117926673	0.148889777
18S_TGP_8_6	0.110225209	0.094687747	0.115601671	0.110393135	0.182943478	0.100259785	0.117777524	0.114984186	0.192947358	0.121464187	0.107276836	0.147662098	0.151519443	0.139326953	0.147372288	0.14329872	0.113644265	0.151898713	0.130562584	0.158347993	0.154569727	0.15431101	0.131655853	0.083291955	0.129605398	0.148184172	0.147788063	0.199777094	0.147750659	0.168585642	0.172797481	0.102616863	0.22839503	0.169963584	0.159805656	0.118421431	0.118687125	0.093258705	0.145412478	0.125438518	0.146939785	0.134589381	0.197111258	0.140070375	0.12652904	0.148600247	0.137269778	0.148325529	0.163394248	0.16680102	0.162115404	0.140036382	0.11342489	0.18551341	0.12346268	0.09726027	0.108052154	0.115903664	0.113241479	0.102425491	0.127973374	0.115054877	0.124421363	0.117195331	0.189999503	0.211936272	0.180469873	0.222830185	0.19140566	0.19665095	0.206445639	0.16637493	0.191802527	0.182477881	0.168700479	0.176647557	0.167603076	0.131608308	0.15682817	0.132109176	0.152445547	0.100446228	0.151960923	0.129046692	0.182530808	0.157351381	0.127730535	0.15278643	0.14325095	0.176202945	0.164597323	0.142023856	0.151720647	0.141347612	0.153494513	0.140194824	0.151068814	0.244701599	0.192686968	0.254161935	0.397487548	0.167399146	0.300304431	0.267977108	0.108568355	0.281297923	0.135771585	0.175802017	0.247169671	0.270915212	0.143239868	0.279088216	0.148544408	0.127875805	0.150218894	0.131776191	0.141803656	0.126500598	0.14150179	0.156137064	0.142082765	0.150569361	0.129562369	0.117699533	0.185189706	0.154412651	0.128700771	0.110715341	0.126356052	0.172907139	0.108129456	0.132365266	0.132368621	0.129773539	0.143395367	0.151448596	0.139886974	0.147897344	0.174451252	0.159995641	0.153025416	0.124454399	0.149029072	0.163451489	0.155233517	0.12938862	0.140785662	0.155885251	0.170191381	0.201792458	0.191445199	0.18634089	0.232294697	0.242728069	0.209824532	0.167803252	0.208074711	0.196789527	0.139300133	0.195857212	0.119994742	0.118407948	0.123411591	0.145451989	0.148220061	0.138554077	0.156800021	0.118201906	0.188315163	0.172807456	0.250690516	0.19514628	0.204411716	0.186899893	0.179450751	0.191976996	0.195985493	0.23258918	0.129442757	0.149119793	0.124292474	0.132641776	0.153976531	0.165756771	0.136245715	0.134955172	0.156623411	0.126673127	0.193679525	0.152718201	0.128085893	0.181816587	0.152219216	0.163263639	0.180633535	0.154405416	0.154478398	0.188711381	0.201400995	0.226489543	0.299481521	0.196770582	0.326747154	0.230812123	0.250716044	0.227919432	0.149346572	0.181502048	0.193095152	0.20603983	0.240133622	0.190753414	0.237810529	0.209749066	0.235406786	0.172011661	0.212825555	0.100049533	0.125518225	0.153030151	0.141693243	0.171771171	0.139544324	0	0.139146338	0.098691125	0.1188696	0.100801561	0.187945864	0.15188835	0.148950766	0.090061967	0.158542075	0.157544703	0.078820916	0.176405226
18S_TGP_8_7	0.1326644	0.171283741	0.152225237	0.16544147	0.165498237	0.163349433	0.165743638	0.130262111	0.243358948	0.164995487	0.162732237	0.151356555	0.169098305	0.161017955	0.160806551	0.121581428	0.177579665	0.13805907	0.106112792	0.154992976	0.153021991	0.169132421	0.1605781	0.170538656	0.150834629	0.123090249	0.157168123	0.160495845	0.161639382	0.153983985	0.162500271	0.169266729	0.211421733	0.146883668	0.120830014	0.122167982	0.13174929	0.149192615	0.089564292	0.143352197	0.165726693	0.152273414	0.20175761	0.156722724	0.138117209	0.148163941	0.143923219	0.150385511	0.120184491	0.135082075	0.161031482	0.164582808	0.137715588	0.202907898	0.184517865	0.149389815	0.165288418	0.164471307	0.18968045	0.159530513	0.184521142	0.183881521	0.165106125	0.153885087	0.18195279	0.193980053	0.170933305	0.243349873	0.182033483	0.190601528	0.201425394	0.162598165	0.185069765	0.153157454	0.156114777	0.150135558	0.186120962	0.125681406	0.151617149	0.131411751	0.114647989	0.121575556	0.157145001	0.127539741	0.10389786	0.176215567	0.155529096	0.13805542	0.123073714	0.138059886	0.151878982	0.103867187	0.122849609	0.144150556	0.148845426	0.08422152	0.130233863	0.202338949	0.173680897	0.224893871	0.383936888	0.113505573	0.29229582	0.260168879	0.101554434	0.258913836	0.092186183	0.163379223	0.239012524	0.251284183	0.129663607	0.233515086	0.138361902	0.164665476	0.192330308	0.168839011	0.157197244	0.148472798	0.162806523	0.170244727	0.166911821	0.155571728	0.129240579	0.146205246	0.103267362	0.173895212	0.150763673	0.108932798	0.138897025	0.153321218	0.099096281	0.116174372	0.130327097	0.090599625	0.143646536	0.142332406	0.09539237	0.110008636	0.117790598	0.155143119	0.073901955	0.143614645	0.154511703	0.175558148	0.158924139	0.084339994	0.138492838	0.154800979	0.14632604	0.192676673	0.175904051	0.183170262	0.223724193	0.230682465	0.219813246	0.163627265	0.194348284	0.183257487	0.114987928	0.122633278	0.111623625	0.093336215	0.120841838	0.104119575	0.096001542	0.162929292	0.161928874	0.122383724	0.204478753	0.196840702	0.26899724	0.210135967	0.183960998	0.177768383	0.171113186	0.190571881	0.190621784	0.222459234	0.148170404	0.156402681	0.173749791	0.178952035	0.118283856	0.182478089	0.115873605	0.177681211	0.132957216	0.166336246	0.106575751	0.099831661	0.087337264	0.092192639	0.074442537	0.095935024	0.088212248	0.094757914	0.074290493	0.090628389	0.21892747	0.216799037	0.298587099	0.215180197	0.286789743	0.226827846	0.208255919	0.210580242	0.145056407	0.182698919	0.163778514	0.226659273	0.268697882	0.21213211	0.275453399	0.228209155	0.245984932	0.174221815	0.240733015	0.123656601	0.173935757	0.148099634	0.151978083	0.120376343	0.13774682	0.139146338	0	0.110585573	0.126001909	0.164154865	0.197299505	0.110591405	0.158749881	0.146714537	0.149649158	0.188479592	0.145716695	0.185359894
18S_TGP_8_8	0.088026136	0.104231831	0.122038335	0.099305603	0.18486203	0.12050823	0.120455218	0.108165564	0.193983788	0.099912545	0.09230429	0.111609187	0.140639274	0.11864336	0.130744618	0.118057975	0.100784481	0.130805542	0.096695589	0.166314263	0.113325275	0.135032961	0.111147412	0.124370156	0.09605983	0.125941713	0.124805857	0.18380285	0.127552488	0.146228052	0.148747287	0.110495553	0.244935636	0.146067095	0.138308535	0.100118383	0.129303084	0.104218194	0.146990437	0.123130158	0.108771865	0.107139318	0.212120643	0.131582716	0.089319984	0.139507801	0.125892905	0.120497872	0.152178865	0.163582692	0.156407742	0.131698061	0.112094483	0.192034831	0.117233748	0.076440372	0.100719537	0.123305583	0.115511506	0.127572442	0.112417967	0.120322023	0.095462614	0.094868172	0.156489239	0.170679479	0.164573926	0.220029863	0.157483004	0.185676452	0.175188594	0.150213403	0.166271927	0.17499626	0.138875084	0.175479688	0.187435951	0.110494376	0.107805513	0.127265174	0.127375781	0.092755448	0.170336466	0.100457682	0.171101237	0.154810364	0.114997398	0.123440662	0.128630828	0.178185124	0.135117383	0.1162277	0.154111661	0.113146929	0.123311607	0.114557908	0.143487361	0.257217149	0.197923286	0.237043423	0.40000085	0.158958442	0.314150461	0.282849944	0.115609496	0.286009047	0.12500516	0.17809353	0.258847141	0.273194157	0.151898916	0.258344436	0.151718388	0.112942839	0.133445717	0.097942479	0.116542387	0.113204164	0.123075388	0.115137814	0.114352064	0.107734148	0.085278264	0.116672801	0.170900088	0.153038099	0.115763811	0.097579685	0.152637715	0.143196405	0.08744237	0.117605838	0.109021373	0.106724998	0.136294435	0.119427984	0.121559865	0.12762805	0.156898484	0.129289503	0.119581452	0.107015898	0.120931995	0.14924196	0.135827675	0.116051876	0.129057047	0.126816095	0.143837725	0.173714178	0.142036048	0.155082633	0.197703971	0.211540081	0.178209689	0.124110486	0.167323754	0.165503126	0.096436057	0.186526852	0.101501938	0.110137908	0.112374673	0.12577421	0.139951354	0.112814433	0.125256071	0.109641513	0.167866495	0.150987318	0.233649298	0.164762915	0.154347541	0.133504541	0.129584104	0.144126865	0.165501297	0.195452643	0.097262394	0.117458712	0.1157337	0.130212385	0.166382371	0.158139708	0.123510878	0.1158752	0.110519336	0.098948185	0.167198987	0.142250089	0.123927847	0.148308199	0.135683325	0.139441906	0.161890026	0.134009644	0.13447266	0.160792403	0.21040187	0.190746399	0.315979042	0.219201977	0.31683078	0.205392304	0.235522735	0.21867473	0.147584194	0.201926677	0.156993177	0.202798727	0.24044687	0.210380475	0.241851194	0.198537262	0.242131916	0.196019154	0.224569943	0.089818704	0.122198898	0.111772378	0.098800537	0.153510501	0.109878254	0.098691125	0.110585573	0	0.094482451	0.099797044	0.156684671	0.11846636	0.105723474	0.086827798	0.114605457	0.142395251	0.096072092	0.143550471
18S_TGP_8_9	0.124726732	0.155441246	0.168012246	0.109457995	0.208771432	0.171801091	0.16067541	0.10464498	0.215380121	0.125914617	0.085679689	0.128148286	0.149168172	0.125951397	0.145694136	0.099783363	0.114347003	0.139526005	0.089904133	0.162595966	0.103528533	0.145309847	0.132453533	0.126809937	0.094828002	0.110003934	0.13673036	0.189345304	0.151197345	0.156199639	0.161729647	0.141567323	0.266633782	0.142862329	0.132863464	0.120036509	0.14784719	0.080069343	0.159126576	0.163016108	0.116773477	0.108559938	0.245672329	0.156758417	0.105254863	0.153246471	0.146433033	0.149756829	0.161204536	0.179995949	0.151217729	0.160839768	0.153854171	0.215292623	0.100665587	0.085298522	0.084201509	0.165259291	0.106990294	0.119302219	0.148641982	0.110372974	0.12021415	0.082326647	0.179367297	0.203172721	0.19868068	0.262333036	0.19297595	0.212461098	0.216202832	0.189949716	0.196798163	0.217177401	0.150451989	0.177116177	0.21093378	0.129986874	0.117795336	0.138797121	0.107745103	0.125265131	0.190801601	0.124931861	0.154717969	0.179697454	0.162991869	0.140868574	0.129078024	0.192514757	0.14993423	0.108676417	0.180289481	0.142713157	0.146109078	0.122906929	0.166313387	0.27061106	0.226432076	0.259567312	0.418932449	0.172865314	0.340717303	0.300991847	0.144625854	0.304326869	0.121837515	0.197996953	0.283585624	0.305191796	0.167603427	0.271326614	0.169918063	0.166137038	0.161226518	0.121959587	0.13025328	0.138080029	0.154131826	0.126567336	0.152277754	0.122209938	0.09703777	0.155268365	0.154476775	0.189153754	0.149419631	0.117892893	0.189879588	0.148421395	0.101209449	0.140196972	0.112922759	0.092604768	0.138377689	0.142232863	0.107378701	0.120443284	0.152292631	0.144084722	0.126285458	0.133748517	0.133934915	0.182859537	0.16060936	0.108346703	0.153240906	0.145770553	0.145563113	0.186378406	0.170921191	0.187345257	0.202032092	0.219719404	0.20176072	0.138999096	0.187977462	0.180455337	0.100488996	0.182403416	0.122304227	0.131431805	0.112633842	0.104468354	0.143182554	0.1499743	0.137442385	0.120168452	0.206595716	0.189326543	0.256761972	0.195897406	0.18415768	0.164232411	0.169981784	0.175641902	0.194808163	0.208172598	0.126662713	0.150224606	0.139654268	0.150270096	0.166472172	0.179084921	0.125456834	0.146233297	0.128358783	0.136805046	0.153769757	0.136274751	0.114491846	0.138929544	0.118049404	0.133370526	0.156483839	0.14054516	0.126952238	0.146629274	0.24295268	0.22441622	0.352777416	0.247932979	0.340731362	0.241378955	0.265009635	0.244022642	0.188305084	0.242264585	0.176918057	0.22795144	0.268378385	0.252927494	0.277714033	0.231553815	0.279105623	0.236302618	0.256612212	0.055702411	0.129454472	0.120448276	0.112445324	0.158109104	0.123451693	0.1188696	0.126001909	0.094482451	0	0.085108567	0.174087479	0.095179249	0.118802837	0.09092823	0.121761449	0.176552783	0.073663051	0.156531271
18S_TGP_9_1	0.136969151	0.132721119	0.166068028	0.099855246	0.236194494	0.152901406	0.127803331	0.10516059	0.207298712	0.10938589	0.073180053	0.134904891	0.165727704	0.149744755	0.155382371	0.132349657	0.079512305	0.183138733	0.113913508	0.19069213	0.13443295	0.133866839	0.113374082	0.100919337	0.117459918	0.147332821	0.132825175	0.203324708	0.148050696	0.179652466	0.180058287	0.114444902	0.265907784	0.170323173	0.149206826	0.133508648	0.142114828	0.08064469	0.188427298	0.175264177	0.122590566	0.128410889	0.226386937	0.159328428	0.121256229	0.181730158	0.16034552	0.158455019	0.194665326	0.204842261	0.172623508	0.151835097	0.165546115	0.223206347	0.074028855	0.07556187	0.087300778	0.137539226	0.069154862	0.099875323	0.096267479	0.088677675	0.071688432	0.108750814	0.211938696	0.234004268	0.226599119	0.263149574	0.219287918	0.236648476	0.241747535	0.214405395	0.21701464	0.243264761	0.176588626	0.182220497	0.205943281	0.148287546	0.154868797	0.174790901	0.162951642	0.134200871	0.197641873	0.148105472	0.194320156	0.190510123	0.144637598	0.168362619	0.17616572	0.221883935	0.172856885	0.13720896	0.186571363	0.163108107	0.161839869	0.14634926	0.182599488	0.263621675	0.244409719	0.271443137	0.409448975	0.202052803	0.337320038	0.306603973	0.149651663	0.314669482	0.148532305	0.205668374	0.283973849	0.310661889	0.166470637	0.298012507	0.182003294	0.13756257	0.14197307	0.122681813	0.146418254	0.144724243	0.152191683	0.117898602	0.136001012	0.131903677	0.106359982	0.146587049	0.195754233	0.174148554	0.151993826	0.124115754	0.164784444	0.18227025	0.124058116	0.17044322	0.148173255	0.153428873	0.165601297	0.169052693	0.151812611	0.173980172	0.188456756	0.181580689	0.17407697	0.14620573	0.161391638	0.193129634	0.186794397	0.156867292	0.178382778	0.178920902	0.182473659	0.225115454	0.200736538	0.212521425	0.239564012	0.238974966	0.210843454	0.16908777	0.212854106	0.219741389	0.134613781	0.224241955	0.141282803	0.135480957	0.141294781	0.157491341	0.170235078	0.151413943	0.144162382	0.130655112	0.212266003	0.190603277	0.247610846	0.201349651	0.203657417	0.179928614	0.177571249	0.187566715	0.20218736	0.226759714	0.115821319	0.153926949	0.123725151	0.144172408	0.170756305	0.190612974	0.128226427	0.129238334	0.15994306	0.120801044	0.183955016	0.175587408	0.15220374	0.171122111	0.159370198	0.161242031	0.18729292	0.173631335	0.168829668	0.188916198	0.235646646	0.236617937	0.349509001	0.250272681	0.355248167	0.247551793	0.289704737	0.257324898	0.212748069	0.239720532	0.214563182	0.22763262	0.249133208	0.248095079	0.268037391	0.235759214	0.277315143	0.236393747	0.243027976	0.069703548	0.126648348	0.146601754	0.098203529	0.17220634	0.148056236	0.100801561	0.164154865	0.099797044	0.085108567	0	0.179590388	0.133021036	0.105383395	0.078488143	0.15060125	0.138329964	0.065276275	0.163847104
18S_TGP_9_10	0.159142788	0.199253859	0.207315806	0.176688231	0.263938878	0.213870761	0.205744608	0.140116778	0.095858665	0.154106414	0.140424347	0.134404514	0.117231516	0.133930549	0.152893446	0.133024464	0.163029313	0.169144532	0.168591651	0.096846527	0.14223068	0.072875834	0.165129442	0.213920909	0.128015107	0.122836832	0.140885144	0.269554871	0.184446075	0.227609287	0.233951249	0.202065108	0.326048199	0.221211248	0.223068621	0.186365964	0.209148428	0.172455892	0.224014971	0.170514843	0.182665173	0.17709399	0.281429782	0.197910344	0.151360973	0.2331012	0.218457604	0.210521462	0.237581634	0.256682849	0.210132111	0.202005106	0.191072752	0.275820563	0.1658638	0.142158384	0.163700313	0.147805138	0.162806929	0.215326923	0.178164646	0.172819189	0.169831023	0.16708073	0.171496115	0.121356243	0.243620063	0.215187196	0.17858246	0.168412919	0.174216085	0.189427717	0.209762878	0.232582351	0.183263699	0.248201414	0.267709509	0.195077595	0.129897179	0.181048229	0.169819423	0.16124797	0.226240347	0.145503719	0.217802671	0.099695803	0.150977165	0.164984865	0.171885698	0.245357979	0.209216096	0.195877074	0.227136609	0.165816725	0.207679265	0.180087531	0.209565843	0.332311894	0.243002281	0.324433311	0.462084853	0.233460548	0.401492677	0.362419409	0.206226839	0.364612453	0.198692056	0.273503724	0.347967676	0.368601763	0.242899613	0.333250162	0.239748591	0.206323632	0.198434748	0.168613888	0.169350631	0.167262855	0.19410202	0.164130169	0.190262821	0.172193844	0.14280245	0.186730336	0.234324431	0.222824888	0.208535262	0.172770817	0.234604658	0.145381323	0.144618231	0.182880823	0.160075246	0.163151825	0.180416565	0.132467902	0.164795022	0.194411897	0.139091414	0.146482795	0.190248581	0.134702536	0.117518455	0.134899104	0.11248314	0.160208715	0.182490395	0.159216958	0.147854885	0.206518895	0.186623168	0.181306899	0.140636482	0.133657007	0.096666709	0.152192991	0.173453285	0.150922895	0.178821636	0.243811179	0.157058914	0.188680872	0.183044948	0.171789976	0.164733359	0.161026753	0.191377775	0.177681054	0.121506687	0.146510991	0.102551309	0.083082813	0.138552137	0.138453864	0.171616399	0.144500325	0.149517509	0.145204468	0.139677835	0.17531373	0.170986298	0.167280031	0.181706062	0.116051832	0.195285245	0.165437742	0.170309849	0.141826266	0.21033238	0.18654132	0.195148529	0.208611331	0.204449475	0.220401394	0.236756471	0.199652966	0.19147501	0.223692605	0.173686972	0.094927862	0.359250531	0.20346289	0.364956433	0.140555667	0.296810485	0.140222147	0.20519608	0.236871729	0.155273456	0.173091995	0.187254312	0.276743992	0.221248959	0.172992857	0.335323539	0.261663858	0.187150164	0.189644924	0.104068732	0.154996303	0.163621093	0.236865788	0.169555586	0.187945864	0.197299505	0.156684671	0.174087479	0.179590388	0	0.181958319	0.139816841	0.152451568	0.147518836	0.109953198	0.15178361	0.099868229
18S_TGP_9_2	0.115131483	0.167278685	0.169149262	0.141912713	0.199000764	0.168982064	0.14672169	0.114503581	0.234645927	0.134743183	0.125038865	0.13057008	0.159702379	0.127714829	0.124689785	0.097247996	0.12490678	0.114829316	0.066698187	0.158208571	0.108768758	0.152167165	0.113920534	0.158334946	0.125348686	0.114614596	0.128966408	0.174378674	0.139334579	0.143200361	0.144418778	0.163242506	0.260722177	0.140076919	0.134693388	0.111312402	0.147208955	0.132470921	0.159265056	0.151296538	0.127186976	0.10909813	0.23443974	0.142206006	0.114481855	0.134934967	0.123627454	0.130241226	0.15985456	0.15874001	0.121386895	0.154567744	0.149618888	0.207967614	0.153932828	0.12947947	0.149444543	0.162343954	0.160468328	0.175031925	0.163892885	0.151886388	0.142671408	0.127048087	0.168798313	0.2042638	0.167015014	0.264387693	0.179311401	0.202947032	0.207417903	0.168077713	0.191678725	0.218530863	0.142710649	0.162221741	0.200134444	0.110305766	0.125020755	0.150327904	0.091387636	0.124176753	0.184296455	0.113406198	0.147362383	0.177471672	0.147141384	0.11501666	0.111103303	0.170465165	0.134373437	0.096649123	0.172792221	0.139183274	0.131961775	0.111713516	0.172789266	0.258477358	0.212073059	0.270089996	0.426735657	0.164385606	0.333389725	0.302723601	0.137120335	0.302690958	0.11657362	0.207363364	0.280614601	0.306966526	0.174073482	0.278889619	0.155062261	0.15963135	0.137447264	0.141604967	0.109811405	0.127983171	0.148943765	0.127777501	0.149476911	0.105576946	0.085819229	0.140572745	0.13695765	0.173016257	0.149259292	0.09971045	0.176959894	0.119733206	0.091754795	0.114564293	0.100640875	0.086556245	0.122713984	0.131330984	0.096136002	0.103410014	0.14757747	0.130700618	0.107167363	0.135186269	0.129623459	0.163705339	0.150600211	0.092878043	0.143247663	0.121780245	0.114038599	0.157488633	0.167617614	0.168440885	0.194900417	0.208887412	0.203853942	0.133832716	0.170214573	0.160359584	0.07626482	0.163707478	0.116756679	0.117323749	0.11017655	0.074653775	0.127554145	0.154944918	0.126086008	0.104978986	0.200621204	0.198291728	0.26358093	0.210085606	0.179768362	0.170285611	0.163599055	0.179101918	0.189828111	0.197379144	0.122088346	0.132682641	0.137307806	0.155289834	0.139382122	0.161304063	0.10887079	0.147811106	0.100279043	0.134988079	0.135965798	0.103491778	0.105050342	0.112239669	0.117905945	0.114034559	0.133783253	0.127295803	0.11817775	0.140655816	0.25217312	0.224902979	0.345364569	0.254382164	0.33228499	0.238058309	0.260600216	0.25157554	0.178556111	0.23434816	0.177388479	0.2119183	0.275599888	0.24590587	0.285088922	0.228053534	0.268364854	0.225475811	0.26360454	0.105658884	0.163620741	0.092809834	0.116170326	0.162614849	0.106032907	0.15188835	0.110591405	0.11846636	0.095179249	0.133021036	0.181958319	0	0.112233455	0.134965785	0.110846743	0.176627834	0.117445603	0.158580423
18S_TGP_9_3	0.114322154	0.150649928	0.171952082	0.112365725	0.219476885	0.169425164	0.131117579	0.107735351	0.193315756	0.079826315	0.088719083	0.07508359	0.16632789	0.097425944	0.089700223	0.098901485	0.094800285	0.138721174	0.08678701	0.197020194	0.096802464	0.133448887	0.099864666	0.169394813	0.098237306	0.131737291	0.107059713	0.195566148	0.1269364	0.174950646	0.1720143	0.154650779	0.294760866	0.168772453	0.142632355	0.142233886	0.17409245	0.127420665	0.193027937	0.167280469	0.109395933	0.112653127	0.238331775	0.147007314	0.098627575	0.175815232	0.147289549	0.152475553	0.195658756	0.196540078	0.160729349	0.159687391	0.161338034	0.245188647	0.110635697	0.087519019	0.108817838	0.139531406	0.099283433	0.159976069	0.096587272	0.111383002	0.098091074	0.104006855	0.175875983	0.185096858	0.203754368	0.264501881	0.179971631	0.208791628	0.199462208	0.171388491	0.187450145	0.234151368	0.122484556	0.214579482	0.235313919	0.12400798	0.092712479	0.160019464	0.130028163	0.126577502	0.218783945	0.113174811	0.175457254	0.189807793	0.140774071	0.120384958	0.143256698	0.195565562	0.159091721	0.125710202	0.198424231	0.123945437	0.148907356	0.135903286	0.184870989	0.297411506	0.233294067	0.285203743	0.436261686	0.194317469	0.368518881	0.337260204	0.171883381	0.337332816	0.162127343	0.23124152	0.317792386	0.337769033	0.20646557	0.303115526	0.199716351	0.151113581	0.131998611	0.103767672	0.11510124	0.120788794	0.141456925	0.082835423	0.136880871	0.085993403	0.070608685	0.153972187	0.187736766	0.191501146	0.172348183	0.117819921	0.192289005	0.113198049	0.112279036	0.143199848	0.119261537	0.122232205	0.15987505	0.123915692	0.126509231	0.152308074	0.175407525	0.116855397	0.151951877	0.137207788	0.110659911	0.165644872	0.16364215	0.127798158	0.166805664	0.139106646	0.129611647	0.156877092	0.139220119	0.160267942	0.173999106	0.176206636	0.162203254	0.108703184	0.152625878	0.15366666	0.115943242	0.218167714	0.125520452	0.142189845	0.151743743	0.115720024	0.172128541	0.133082918	0.134039363	0.135717543	0.179256136	0.182298676	0.222545867	0.163629771	0.151483245	0.12173346	0.139173121	0.135370735	0.171202288	0.167211844	0.107361543	0.130868655	0.134142525	0.139778177	0.169349491	0.159541116	0.138224968	0.107012818	0.107906561	0.084547009	0.172710825	0.150835505	0.158436338	0.155848676	0.159890647	0.166113013	0.190568681	0.167219869	0.154834172	0.18040348	0.251078677	0.205446304	0.366164487	0.263261916	0.335277003	0.222287934	0.271556826	0.247608343	0.202940129	0.25553738	0.167924619	0.199508278	0.243595487	0.262190213	0.277151303	0.209338545	0.300906639	0.249748449	0.256703665	0.123758852	0.144241596	0.086452673	0.073629583	0.183095152	0.107237316	0.148950766	0.158749881	0.105723474	0.118802837	0.105383395	0.139816841	0.112233455	0	0.100327458	0.132566547	0.11330542	0.108712513	0.140416057
18S_TGP_9_5	0.11573578	0.11876246	0.14461789	0.052748986	0.204390329	0.148857002	0.114008527	0.110634752	0.184380667	0.08057086	0.04813391	0.096380213	0.136026741	0.101147958	0.10773643	0.110603243	0.060999268	0.140711304	0.112866763	0.173119118	0.131772231	0.140431918	0.093598149	0.113952997	0.099912293	0.142196594	0.136052039	0.21819475	0.121990869	0.169085331	0.178113155	0.116992105	0.262920152	0.164906569	0.171419692	0.125195058	0.137541598	0.088756766	0.163607129	0.153433065	0.133131733	0.09433641	0.21198769	0.138268872	0.09874778	0.173471894	0.154518475	0.142520078	0.177379172	0.190508571	0.163174338	0.136433335	0.143166116	0.210011694	0.085988656	0.064339228	0.08193079	0.117617075	0.071702587	0.118498358	0.097604149	0.059140102	0.081122001	0.084354305	0.185978711	0.192308577	0.205268263	0.254109398	0.196388477	0.229027354	0.208218547	0.180051249	0.20272415	0.224368097	0.149032726	0.181154519	0.196198211	0.130940487	0.133679123	0.157208137	0.138809368	0.129761546	0.183757525	0.127636668	0.189278674	0.169951209	0.13930282	0.136158746	0.151330193	0.203522214	0.167499014	0.138829033	0.176207269	0.143419317	0.163107381	0.14772476	0.172391442	0.275444217	0.228435942	0.272851219	0.416824045	0.192550853	0.335804406	0.302940463	0.14678906	0.303447996	0.14010426	0.202665516	0.285392307	0.308675808	0.178237827	0.289447524	0.180572957	0.11820969	0.136412584	0.085060206	0.11122578	0.100161608	0.12031381	0.095476496	0.101702028	0.110706363	0.084043842	0.128997941	0.180861695	0.159083068	0.137295668	0.11142797	0.168148481	0.148324782	0.107166206	0.1452786	0.11868307	0.133803285	0.15041613	0.130310249	0.14483558	0.149290991	0.169185182	0.137135822	0.146636819	0.131448111	0.136052471	0.159056421	0.154319381	0.134792877	0.156846349	0.145053572	0.15210915	0.182912968	0.166891864	0.166930058	0.206499124	0.223191541	0.176942205	0.136804621	0.183413156	0.177399171	0.127510378	0.200947696	0.119705441	0.150692355	0.12473823	0.150119381	0.160744769	0.14432378	0.139372145	0.131586426	0.179084405	0.173686595	0.238580267	0.172762739	0.173517085	0.155035746	0.179299761	0.160988419	0.181622602	0.209038794	0.11232792	0.137397027	0.116128153	0.126208764	0.16993957	0.159309674	0.138942032	0.137608228	0.126222536	0.107244728	0.17859973	0.150921723	0.128770994	0.164688447	0.148403395	0.16240399	0.181463556	0.160072269	0.157297224	0.17848342	0.239817808	0.226344994	0.340103432	0.244859834	0.354666823	0.246315521	0.280763852	0.257927394	0.191913725	0.234240182	0.175457034	0.20900658	0.243586114	0.240392664	0.266345313	0.207091883	0.275535061	0.227318441	0.250692625	0.091247323	0.110616997	0.134170003	0.107544231	0.19217059	0.137229384	0.090061967	0.146714537	0.086827798	0.09092823	0.078488143	0.152451568	0.134965785	0.100327458	0	0.131555927	0.125645888	0.075360602	0.152479737
18S_TGP_9_6	0.11236675	0.14423715	0.164757732	0.145911746	0.226660872	0.171719952	0.160947444	0.113056123	0.196149965	0.137950095	0.137235561	0.128701657	0.112737815	0.109692067	0.145902162	0.124092236	0.133467192	0.118245887	0.108768919	0.150495613	0.107010591	0.123329411	0.124459446	0.165765787	0.098149355	0.111158643	0.135751889	0.207150967	0.151198527	0.192774828	0.192720262	0.161396705	0.289608384	0.188685557	0.16784982	0.143127853	0.152785	0.126423761	0.178697501	0.137246584	0.144312449	0.133614457	0.252405164	0.16768597	0.132361054	0.170508555	0.156283527	0.117336403	0.191261205	0.191772979	0.154807791	0.173753218	0.130669778	0.222389051	0.163511759	0.131656033	0.141028056	0.127210177	0.163217523	0.192811702	0.156508958	0.156145279	0.143019428	0.12034213	0.175638359	0.176127719	0.194625775	0.254202502	0.186092341	0.200095864	0.205883395	0.175055158	0.194623371	0.198133692	0.164370403	0.183393368	0.209912471	0.123801874	0.106231033	0.15070199	0.120244619	0.118171442	0.155416307	0.103426056	0.180656316	0.143551217	0.124598484	0.099447693	0.126086173	0.193515023	0.171411436	0.148413858	0.1746401	0.143444696	0.17107373	0.10559558	0.167279783	0.282333366	0.196539475	0.290434756	0.445254239	0.185033908	0.359078315	0.315312881	0.142870211	0.316831179	0.136440582	0.224607871	0.295817934	0.335724042	0.185330587	0.302257682	0.186390705	0.158388857	0.153946033	0.153377237	0.136134443	0.137877638	0.16489904	0.14657042	0.150920125	0.141676467	0.097711753	0.149231211	0.175046126	0.160193299	0.150351726	0.142461196	0.199726019	0.136997574	0.090742407	0.137189334	0.101357321	0.11194909	0.11777582	0.105073127	0.125991767	0.12835959	0.128953991	0.114208185	0.133473013	0.115742705	0.126883036	0.10386197	0.118783138	0.113832411	0.126677582	0.105029553	0.112554355	0.169945136	0.177108374	0.140176406	0.191141127	0.198283559	0.166031096	0.145039631	0.176094113	0.155399445	0.127316509	0.177711118	0.105797705	0.122892464	0.074971934	0.107911197	0.112653401	0.109452404	0.140015371	0.091389623	0.158931645	0.174119539	0.222265157	0.169328007	0.172692176	0.153763654	0.168401234	0.160062225	0.172177042	0.198918911	0.107556723	0.086595518	0.094807585	0.088357334	0.125653053	0.098385521	0.13701337	0.13014605	0.086516456	0.110164973	0.187180707	0.139859126	0.130408221	0.144658284	0.166317096	0.149085821	0.17528411	0.152195154	0.140405398	0.182684125	0.238230461	0.201282242	0.31634866	0.238682046	0.351056361	0.221792595	0.278741938	0.238157192	0.161748011	0.228192658	0.153835029	0.173656022	0.241782083	0.232760436	0.263146659	0.184329253	0.284447062	0.210802966	0.235641802	0.129642706	0.120652776	0.127107439	0.129847816	0.18976878	0.131293881	0.158542075	0.149649158	0.114605457	0.121761449	0.15060125	0.147518836	0.110846743	0.132566547	0.131555927	0	0.149591281	0.125626468	0.132393613
18S_TGP_9_7	0.147153412	0.173811885	0.174189585	0.147716514	0.262254049	0.181866634	0.138995933	0.116533147	0.144666255	0.102646282	0.113581851	0.103364094	0.116466483	0.136548611	0.138568034	0.124082855	0.12249619	0.173952698	0.149895309	0.150018493	0.144551026	0.08809786	0.106217999	0.182052673	0.117280358	0.107128931	0.113033764	0.25717125	0.149223868	0.197738477	0.201806392	0.148486931	0.285935062	0.19654577	0.189715519	0.16690345	0.183593114	0.1483355	0.215563974	0.141193639	0.159381864	0.172656265	0.248175674	0.18417435	0.134939858	0.21004165	0.190122754	0.191442661	0.236273256	0.230945985	0.194995041	0.175991761	0.180375368	0.246818219	0.147760812	0.132332769	0.136410986	0.105929817	0.120621035	0.189534275	0.105359099	0.138614622	0.123906839	0.167937796	0.183328556	0.164534996	0.215260143	0.243218739	0.175597968	0.178483984	0.207252181	0.170823192	0.185073949	0.216520208	0.155470507	0.233069875	0.240585252	0.168158647	0.125046788	0.184715561	0.178886181	0.144634144	0.211938853	0.129542397	0.206839281	0.140308371	0.118826262	0.165054379	0.176065627	0.234332991	0.189327969	0.181839272	0.193369689	0.153861467	0.198524793	0.177548879	0.211016358	0.314480977	0.240944957	0.320191124	0.45160913	0.234718965	0.3845638	0.349190085	0.191826276	0.360455668	0.194897976	0.258940305	0.331078836	0.348286323	0.228548416	0.340938672	0.227027723	0.173762311	0.164974288	0.151349789	0.165287137	0.15660222	0.170275358	0.123377396	0.155043139	0.163692107	0.133018568	0.177617636	0.236113862	0.203750917	0.185257224	0.140985055	0.187461087	0.136578675	0.13974209	0.162717966	0.155297681	0.175401961	0.178706795	0.126877625	0.164590934	0.19796606	0.15393504	0.138959887	0.195137535	0.118974208	0.12435043	0.127037741	0.125392212	0.168628391	0.157625669	0.166280384	0.149364263	0.206316865	0.178500302	0.180731099	0.188990638	0.157218973	0.122007849	0.148735518	0.16514623	0.150385574	0.171596105	0.250746977	0.139586091	0.160284638	0.181982588	0.168890087	0.153268073	0.140518809	0.175874608	0.158979989	0.127099845	0.157558665	0.168604908	0.116034887	0.14640362	0.12137283	0.146494636	0.132708424	0.158822218	0.180789354	0.119779272	0.160637676	0.15776722	0.148333973	0.1728238	0.120039455	0.178714666	0.137257914	0.167416703	0.113329417	0.215356065	0.191764465	0.195604417	0.209479536	0.208185146	0.210905061	0.225407834	0.19875691	0.186876676	0.226157265	0.20900169	0.178661454	0.341494769	0.232018353	0.347581262	0.174407386	0.292861799	0.200713436	0.179154877	0.211074645	0.154991753	0.138636324	0.186086684	0.251472496	0.248357385	0.180788905	0.306426324	0.240173885	0.194070234	0.156005312	0.096042974	0.125300377	0.133686045	0.20872217	0.14836044	0.157544703	0.188479592	0.142395251	0.176552783	0.138329964	0.109953198	0.176627834	0.11330542	0.125645888	0.149591281	0	0.136492832	0.144470924
18S_TGP_9_8	0.113287978	0.133195001	0.14700714	0.101254869	0.219177875	0.13643538	0.135680733	0.080336291	0.189865992	0.106220602	0.066064606	0.123320014	0.135682933	0.124708706	0.129981982	0.107541242	0.086639986	0.15285055	0.098422961	0.157131709	0.119276561	0.112052813	0.103078734	0.100572957	0.102339583	0.12616458	0.118864922	0.211055363	0.149124837	0.172522562	0.179395404	0.121831067	0.258319232	0.164186781	0.158908317	0.126845381	0.132300618	0.064762509	0.172677754	0.162520871	0.132115755	0.119026126	0.222455814	0.153950682	0.107961267	0.176514379	0.163357811	0.164936416	0.18197504	0.201691684	0.157464377	0.147787022	0.13254622	0.211498123	0.08452292	0.064446418	0.075534255	0.137909071	0.081190228	0.10425843	0.123772042	0.081587998	0.101701158	0.09112208	0.176861675	0.198437424	0.193423563	0.231235064	0.186742363	0.206518014	0.214493868	0.183172592	0.18932861	0.204557019	0.158084059	0.177506953	0.197422871	0.141156261	0.127585001	0.139621144	0.124389483	0.11507788	0.182102776	0.126270913	0.162288645	0.154876691	0.120508655	0.13704786	0.131097569	0.19336116	0.159177429	0.134876367	0.162019724	0.142931303	0.15706844	0.125663094	0.155416647	0.260692029	0.22089517	0.274045554	0.410613998	0.178592255	0.333558125	0.2957815	0.133467904	0.302474186	0.129960468	0.202470002	0.283212512	0.302202366	0.168455678	0.286781185	0.175803871	0.145334926	0.138732506	0.116774127	0.130215175	0.129734251	0.150675582	0.123918294	0.143499235	0.135142047	0.095518893	0.139839806	0.181418018	0.171699628	0.15203108	0.114311115	0.160890186	0.146517474	0.10660213	0.146324096	0.118794963	0.111688841	0.115516667	0.140561667	0.119355628	0.144536977	0.137771522	0.138467544	0.131528483	0.107705896	0.113164734	0.152689037	0.145454871	0.114830621	0.138425618	0.141281427	0.137433083	0.179914394	0.172623228	0.168184248	0.200682553	0.206208708	0.174949436	0.133781503	0.180603791	0.175205026	0.121277628	0.184468887	0.120982706	0.125587553	0.112357077	0.121426375	0.142348061	0.141357029	0.140224843	0.109132687	0.175408387	0.158682715	0.219393762	0.166324359	0.172855456	0.156031233	0.156780674	0.159337939	0.169819992	0.19434411	0.089669007	0.129974431	0.10324131	0.12075671	0.125658119	0.148602767	0.119456783	0.105575911	0.138657335	0.091429047	0.16188333	0.133177183	0.121215201	0.154218954	0.136043398	0.154304497	0.172981412	0.132424482	0.136592856	0.17430474	0.221856644	0.225587137	0.331598906	0.219891584	0.344103173	0.235664743	0.268893436	0.24343341	0.172881849	0.2172421	0.180094933	0.191182051	0.231813041	0.225339499	0.245284818	0.199237353	0.267249307	0.204062084	0.220820021	0.074465152	0.104265611	0.11920052	0.111638506	0.173244952	0.117926673	0.078820916	0.145716695	0.096072092	0.073663051	0.065276275	0.15178361	0.117445603	0.108712513	0.075360602	0.125626468	0.136492832	0	0.132492633
18S_TGP_9_9	0.133203917	0.174997031	0.198078643	0.170097768	0.260068426	0.19705943	0.181143481	0.114590345	0.149305957	0.14831234	0.148327869	0.146953071	0.132983211	0.135013539	0.159857591	0.159395851	0.151139552	0.162098905	0.151156972	0.134457843	0.112887011	0.109566772	0.149764361	0.203006172	0.135161136	0.14114441	0.108543217	0.243417642	0.183071595	0.214730407	0.210439635	0.187404434	0.303525751	0.203836312	0.19748886	0.168075262	0.184713647	0.138608489	0.220063002	0.178915688	0.17176342	0.171632043	0.276040037	0.192870359	0.14319191	0.212483009	0.187144323	0.181597297	0.217220853	0.232913648	0.198197877	0.206122378	0.153142358	0.25719816	0.165663204	0.138008016	0.146065004	0.149162434	0.158123516	0.197899397	0.164087295	0.17293593	0.153766739	0.144955443	0.133406226	0.111673995	0.225246334	0.166500135	0.141246282	0.165653051	0.136181056	0.159405816	0.179584339	0.222737733	0.177566932	0.220600348	0.243282685	0.158802096	0.101390719	0.155067535	0.158859175	0.125223092	0.203643269	0.124024394	0.198540441	0.11572843	0.102686042	0.14572467	0.145388043	0.229710314	0.193733468	0.173691218	0.199301872	0.142862174	0.18740397	0.138075549	0.185362078	0.299915818	0.211342218	0.310063717	0.443421379	0.206244505	0.374329068	0.335411946	0.170502671	0.336611945	0.170867455	0.247074376	0.317203143	0.343073271	0.210705085	0.31702271	0.214982476	0.192653654	0.187840428	0.172348729	0.16985914	0.165163609	0.19575063	0.166125936	0.174557416	0.165259218	0.126991168	0.180192551	0.217366649	0.20719569	0.187969226	0.168118637	0.219634614	0.135986111	0.132236044	0.16350789	0.126582718	0.139598784	0.141060669	0.111856339	0.142165477	0.176205086	0.114900705	0.124707146	0.172446406	0.111748807	0.089372592	0.128632736	0.127769174	0.156610271	0.154908441	0.129321219	0.129019139	0.194121314	0.179903731	0.164487196	0.113860422	0.121426659	0.104513458	0.143714686	0.147337939	0.15936552	0.156997133	0.213080869	0.127635228	0.153684271	0.146517783	0.143059697	0.137496797	0.13872522	0.160125905	0.137113224	0.150730965	0.107576872	0.144605857	0.117406892	0.117491865	0.122090354	0.133715382	0.121149914	0.113749881	0.117144112	0.103534826	0.159362417	0.15465144	0.142422759	0.14551219	0.122714829	0.170537457	0.124230968	0.142537091	0.108100542	0.199305536	0.16831564	0.173519706	0.176648463	0.188769693	0.184575757	0.203093671	0.17597123	0.165706363	0.200381812	0.183722795	0.157402675	0.345872955	0.157172051	0.370566317	0.188395584	0.290912958	0.19697555	0.17757248	0.226664178	0.166466187	0.170069338	0.155567861	0.26646077	0.173876539	0.140109624	0.311562627	0.21911306	0.162675688	0.158740942	0.108065807	0.14328568	0.148464757	0.207294739	0.148889777	0.176405226	0.185359894	0.143550471	0.156531271	0.163847104	0.099868229	0.158580423	0.140416057	0.152479737	0.132393613	0.144470924	0.132492633	0